t com min rx ry rz
0 4.76 3.227618 27.57612 350.8468 347.8777
0.02 4.756076 3.223694 27.57612 350.8468 347.8777
0.04 4.748229 3.215846 27.57612 350.8468 347.8777
0.06 4.736456 3.204074 27.57612 350.8468 347.8777
0.08 4.72076 3.188378 27.57612 350.8468 347.8777
0.09999999 4.70114 3.168758 27.57612 350.8468 347.8777
0.12 4.677597 3.145214 27.57612 350.8468 347.8777
0.14 4.650128 3.117746 27.57612 350.8468 347.8777
0.16 4.618736 3.086354 27.57612 350.8468 347.8777
0.18 4.58342 3.051038 27.57612 350.8468 347.8777
0.2 4.54418 3.011798 27.57612 350.8468 347.8777
0.22 4.501017 2.968635 27.57612 350.8468 347.8777
0.24 4.453928 2.921546 27.57612 350.8468 347.8777
0.26 4.402916 2.870534 27.57612 350.8468 347.8777
0.28 4.34798 2.815598 27.57612 350.8468 347.8777
0.3 4.289121 2.756739 27.57612 350.8468 347.8777
0.32 4.226336 2.693954 27.57612 350.8468 347.8777
0.34 4.159628 2.627246 27.57612 350.8468 347.8777
0.36 4.088996 2.556614 27.57612 350.8468 347.8777
0.38 4.014441 2.482059 27.57612 350.8468 347.8777
0.4 3.935961 2.403578 27.57612 350.8468 347.8777
0.42 3.853557 2.321175 27.57612 350.8468 347.8777
0.44 3.767229 2.234846 27.57612 350.8468 347.8777
0.46 3.676977 2.144594 27.57612 350.8468 347.8777
0.48 3.582801 2.050418 27.57612 350.8468 347.8777
0.5 3.484701 1.952318 27.57612 350.8468 347.8777
0.52 3.382677 1.850294 27.57612 350.8468 347.8777
0.54 3.276729 1.744346 27.57612 350.8468 347.8777
0.56 3.166857 1.634475 27.57612 350.8468 347.8777
0.58 3.053061 1.520679 27.57612 350.8468 347.8777
0.6 2.935341 1.402959 27.57612 350.8468 347.8777
0.62 2.813697 1.281315 27.57612 350.8468 347.8777
0.64 2.688129 1.155747 27.57612 350.8468 347.8777
0.66 2.558637 1.026255 27.57612 350.8468 347.8777
0.68 2.425221 0.8928387 27.57612 350.8468 347.8777
0.7 2.287881 0.7554986 27.57612 350.8468 347.8777
0.72 2.146617 0.6142347 27.57612 350.8468 347.8777
0.74 2.001429 0.4690468 27.57612 350.8468 347.8777
0.76 1.852317 0.3199348 27.57612 350.8468 347.8777
0.78 1.699281 0.166899 27.57612 350.8468 347.8777
0.8 1.542321 0.009939194 27.57612 350.8468 347.8777
0.82 1.381437 -0.1509447 27.57612 350.8468 347.8777
0.84 1.21663 -0.3157527 27.57612 350.8468 347.8777
0.86 1.048586 -0.4834008 27.59496 350.8688 347.8942
0.88 0.8785878 -0.6510148 27.75823 350.9588 347.935
0.9 0.7078925 -0.8170652 28.12209 351.0368 347.9565
0.92 0.5366548 -0.9834216 28.53255 351.0736 347.9383
0.94 0.3665285 -1.14773 29.10108 350.9629 347.807
0.96 0.1975985 -1.308634 29.84015 350.8662 347.6569
0.98 0.03118749 -1.463957 30.8615 350.596 347.4013
1 -0.1323848 -1.613789 32.04156 350.4147 347.1311
1.02 -0.2906213 -1.750376 33.65406 350.462 346.9469
1.04 -0.4448127 -1.881109 35.36473 350.3824 346.6553
1.06 -0.5938159 -1.999553 37.40464 350.4006 346.3922
1.08 -0.733029 -2.093159 40.19786 350.4294 346.1103
1.1 -0.8643422 -2.169867 43.34082 350.2456 345.6831
1.12 -0.9858902 -2.222862 46.83603 350.5378 345.5984
1.14 -1.096075 -2.252011 50.62672 351.0812 345.7193
1.16 -1.19975 -2.272718 54.35054 351.3133 345.601
1.18 -1.299002 -2.290712 57.86135 351.2749 345.2622
1.2 -1.400075 -2.325167 60.8964 349.5806 343.4924
1.22 -1.48753 -2.350148 63.97017 344.5477 338.6804
1.24 -1.569313 -2.37245 66.66666 336.8891 331.3199
1.26 -1.64098 -2.381913 68.90287 328.0739 322.719
1.28 -1.720839 -2.396965 70.58304 317.5359 312.4289
1.3 -1.800388 -2.429493 71.06316 307.29 302.3219
1.32 -1.876948 -2.446698 71.27182 296.2278 291.4642
1.34 -1.947256 -2.45892 70.19873 283.9042 279.4482
1.36 -2.013406 -2.493801 67.60737 274.8903 270.7031
1.38 -2.074875 -2.659047 64.26756 268.5549 264.5474
1.4 -2.131328 -2.848071 60.95549 261.253 257.7153
1.42 -2.181584 -3.038587 56.54274 255.6545 252.5828
1.44 -2.227191 -3.224283 51.39027 251.5194 248.9165
1.46 -2.26727 -3.399323 45.84328 248.2342 246.0939
1.48 -2.30473 -3.550419 40.34381 246.2272 244.4317
1.5 -2.334804 -3.674538 35.05744 245.0072 243.3551
1.52 -2.35199 -3.763842 30.55394 243.8846 242.4453
1.54 -2.364859 -3.848112 24.6679 243.4973 242.0587
1.56 -2.372787 -3.913288 18.27059 243.8154 241.8579
1.58 -2.373228 -3.949196 12.38863 244.5246 241.7024
1.6 -2.367709 -3.962071 6.296648 245.7914 241.6055
1.62 -2.354398 -3.951937 1.804334 246.6013 241.4573
1.64 -2.334337 -3.93457 356.7428 247.44 241.3239
1.66 -2.308637 -3.906723 352.0193 248.1817 241.1478
1.68 -2.277578 -3.862364 347.3656 248.261 241.0096
1.7 -2.241843 -3.804217 342.4833 249.2969 240.6552
1.72 -2.203259 -3.747745 339.7391 249.4176 240.4684
1.74 -2.16481 -3.691353 337.4329 249.5135 240.3182
1.76 -2.123984 -3.644924 336.8247 249.1292 240.313
1.78 -2.081408 -3.604578 336.8793 249.2036 240.1805
1.8 -2.03414 -3.56891 338.1306 248.8854 240.1701
1.82 -1.980173 -3.527184 338.9276 249.7168 239.7608
1.84 -1.915737 -3.466104 339.3273 249.5289 239.7622
1.86 -1.848861 -3.407759 340.1269 249.7831 239.6072
1.88 -1.774293 -3.344127 341.2505 250.1431 239.4322
1.9 -1.691461 -3.274343 342.8023 250.4994 239.2745
1.92 -1.599893 -3.190437 343.9354 250.616 239.2474
1.94 -1.502511 -3.096406 344.4381 250.8836 239.224
1.96 -1.398467 -2.996465 345.1207 250.9116 239.2113
1.98 -1.286896 -2.890147 346.1033 250.8813 239.2128
2 -1.168237 -2.774899 346.7136 251.0547 239.1844
2.02 -1.044344 -2.655497 347.6393 251.3321 239.1669
2.04 -0.9153121 -2.530799 349.0854 251.2415 239.278
2.06 -0.7805796 -2.400081 350.6676 251.3483 239.3643
2.08 -0.6387238 -2.258847 351.9323 251.2395 239.5578
2.1 -0.4911926 -2.11111 353.4042 251.0421 239.7752
2.12 -0.3391836 -1.957473 355.0514 250.9742 240.0244
2.14 -0.1821811 -1.796488 356.3688 251.3022 240.3433
2.16 -0.0206099 -1.628352 358.2006 251.3435 240.7524
2.18 0.1447513 -1.454876 359.4513 251.4172 241.2134
2.2 0.3118823 -1.280399 0.831714 251.5691 241.7414
2.22 0.4803616 -1.103937 2.348612 251.828 242.3748
2.24 0.6486928 -0.9251475 3.935642 252.1267 243.0851
2.26 0.8163818 -0.7440811 5.719938 252.422 243.8799
2.28 0.9822777 -0.5619216 7.516577 252.736 244.745
2.3 1.145471 -0.3796501 9.339842 253.0901 245.6706
2.32 1.305353 -0.1983078 11.14083 253.4744 246.6367
2.34 1.461479 -0.01860428 12.9373 253.8927 247.6279
2.36 1.61368 0.1591282 14.72455 254.3459 248.6393
2.38 1.761957 0.3348515 16.50189 254.8353 249.6732
2.4 1.90631 0.5085249 18.26855 255.3625 250.732
2.42 2.04674 0.6801052 20.02374 255.9296 251.8184
2.44 2.183245 0.8495474 21.76656 256.5383 252.9349
2.46 2.315826 1.016804 23.49606 257.191 254.0847
2.48 2.444484 1.181826 25.21121 257.8902 255.2707
2.5 2.569217 1.344562 26.91088 258.6385 256.4962
2.52 2.690026 1.504961 28.59383 259.439 257.7649
2.54 2.806911 1.662965 30.25873 260.2948 259.0803
2.56 2.919873 1.818521 31.90408 261.2094 260.4466
2.58 3.02891 1.971569 33.52827 262.1868 261.8681
2.6 3.134023 2.12205 35.12951 263.231 263.3493
2.62 3.235213 2.269904 36.70584 264.3466 264.8952
2.64 3.332478 2.415069 38.25512 265.5381 266.5108
2.66 3.425819 2.55748 39.77494 266.8109 268.2018
2.68 3.515237 2.697074 41.26272 268.1703 269.9737
2.7 3.60073 2.763293 42.71556 269.6218 271.8327
2.72 3.682299 2.825407 44.13033 271.1714 273.7849
2.74 3.759944 2.884473 45.50354 272.8251 275.8367
2.76 3.833666 2.940513 46.83143 274.5888 277.9942
2.78 3.903463 2.993543 48.10988 276.4685 280.2638
2.8 3.969337 3.043582 49.33446 278.4696 282.6512
2.82 4.031286 3.090648 50.50034 280.5971 285.1617
2.84 4.089311 3.134755 51.60246 282.8552 287.7996
2.86 4.143413 3.175918 52.63536 285.2466 290.5681
2.88 4.19359 3.214148 53.59344 287.7726 293.4685
2.9 4.239843 3.249458 54.47091 290.4323 296.5003
2.92 4.282173 3.281858 55.26196 293.2224 299.6604
2.94 4.320578 3.311357 55.96082 296.1366 302.9427
2.96 4.35506 3.337965 56.56203 299.1653 306.3378
2.98 4.385617 3.361683 57.06056 302.2956 309.8332
3 4.41225 3.38252 57.45199 305.5113 313.4127
3.02 4.434959 3.400479 57.73278 308.7929 317.0572
3.04 4.453745 3.415564 57.90033 312.1185 320.7449
3.06 4.468606 3.427773 57.95321 315.4644 324.4523
3.08 4.479543 3.437109 57.89121 318.8059 328.155
3.1 4.486557 3.443569 57.71532 322.1187 331.8288
3.12 4.489646 3.447152 57.42775 325.3796 335.4507
3.14 4.488811 3.447853 57.03174 328.5675 339
3.16 4.484053 3.445668 56.53151 331.664 342.4583
3.18 4.47537 3.44059 55.93198 334.6541 345.8109
3.2 4.462763 3.432612 55.23865 337.526 349.0462
3.22 4.446233 3.421726 54.45732 340.2715 352.1563
3.24 4.425778 3.407921 53.594 342.8854 355.1359
3.26 4.401399 3.391188 52.65469 345.3652 357.9831
3.28 4.373096 3.356398 51.64532 347.7109 0.6978784
3.3 4.34087 3.276155 50.57159 349.9243 3.28241
3.32 4.304719 3.193213 49.4389 352.0089 5.740257
3.34 4.264645 3.107621 48.25237 353.9691 8.076112
3.36 4.220646 3.019428 47.01678 355.81 10.29544
3.38 4.172723 2.928684 45.7365 357.5375 12.40418
3.4 4.120877 2.83543 44.41563 359.1574 14.40854
3.42 4.065106 2.739713 43.05786 0.6758468 16.31482
3.44 4.005411 2.641573 41.66659 2.098779 18.12926
3.46 3.941792 2.541051 40.24491 3.43202 19.85795
3.48 3.87425 2.438183 38.79564 4.681159 21.50676
3.5 3.802783 2.333006 37.32132 5.851521 23.08131
3.52 3.727393 2.225554 35.82428 6.948125 24.58692
3.54 3.648078 2.115856 34.30661 7.975682 26.0286
3.56 3.564839 2.003945 32.77021 8.938586 27.41109
3.58 3.477677 1.889846 31.21682 9.840911 28.73878
3.6 3.38659 1.773585 29.64802 10.68644 30.01584
3.62 3.291579 1.655187 28.06522 11.47865 31.24609
3.64 3.192645 1.53467 26.46974 12.22076 32.43315
3.66 3.089786 1.412055 24.86277 12.91572 33.58038
3.68 2.983004 1.287358 23.24539 13.56622 34.69088
3.7 2.872297 1.160593 21.6186 14.17473 35.76759
3.72 2.757666 1.031773 19.98331 14.74352 36.81326
3.74 2.639112 0.9009099 18.34037 15.27464 37.83041
3.76 2.516633 0.7680087 16.69053 15.76995 38.82146
3.78 2.39023 0.6330776 15.03452 16.23116 39.78865
3.8 2.259904 0.4961195 13.373 16.6598 40.73411
3.82 2.125653 0.3571367 11.70659 17.05724 41.65985
3.84 1.987479 0.2161274 10.03586 17.42472 42.56776
3.86 1.84538 0.07309127 8.361339 17.76334 43.45966
3.88 1.699358 -0.07197857 6.683537 18.07407 44.33726
3.9 1.549411 -0.2190883 5.002931 18.35778 45.20223
3.92 1.395699 -0.3680742 3.327508 18.61384 46.05791
3.94 1.238547 -0.5185606 1.651233 18.84343 46.91639
3.96 1.078372 -0.6701055 0.01719031 19.04145 47.79188
3.98 0.9155592 -0.8279991 358.4315 19.19599 48.67462
4 0.7509862 -0.9856179 356.9326 19.32355 49.59785
4.02 0.5856533 -1.141537 355.3287 19.443 50.60593
4.04 0.4204426 -1.294641 353.6403 19.54474 51.68848
4.06 0.2553929 -1.445131 352.0609 19.54989 52.8382
4.08 0.09205122 -1.590058 350.279 19.48283 54.11068
4.1 -0.06866084 -1.726835 348.0983 19.29057 55.51782
4.12 -0.2250801 -1.851826 345.4134 18.92741 57.05831
4.14 -0.3775855 -1.967516 342.6982 18.67365 58.67031
4.16 -0.5258573 -2.0739 340.1773 18.18222 60.46418
4.18 -0.6681579 -2.168239 337.5526 17.56826 62.36043
4.2 -0.8061906 -2.255763 335.3835 16.50085 64.48046
4.22 -0.9368166 -2.328945 332.8806 15.50387 66.63544
4.24 -1.061996 -2.392989 330.6616 14.17166 69.02842
4.26 -1.178459 -2.442918 328.4526 12.53271 71.59993
4.28 -1.290098 -2.492 326.4792 11.37623 73.96491
4.3 -1.395751 -2.523044 324.4258 9.331445 76.87738
4.32 -1.492176 -2.542532 322.5833 7.126304 79.9697
4.34 -1.583005 -2.545133 320.7468 4.124272 83.60825
4.36 -1.668714 -2.54291 319.4955 0.7605008 87.507
4.38 -1.752425 -2.595327 318.8109 357.6552 91.25317
4.4 -1.823255 -2.731246 317.9335 354.2451 95.24154
4.42 -1.886526 -2.848835 316.4153 350.489 99.47675
4.44 -1.946002 -2.960839 315.152 346.4991 103.9411
4.46 -1.99715 -3.063036 314.2906 342.399 108.4801
4.48 -2.044028 -3.164475 314.256 338.5895 112.7867
4.5 -2.090637 -3.281671 315.8851 335.8589 116.357
4.52 -2.135305 -3.409573 318.1609 332.4297 120.3478
4.54 -2.174893 -3.521002 320.4389 329.8556 123.6352
4.56 -2.201569 -3.598995 322.0348 328.1292 126.3501
4.58 -2.223991 -3.671092 323.9505 327.0976 128.5701
4.6 -2.247435 -3.747606 326.6761 327.4812 129.9318
4.62 -2.264986 -3.80455 328.6779 327.7805 131.3125
4.64 -2.270562 -3.835493 329.9092 328.4601 132.51
4.66 -2.27055 -3.854575 330.6086 328.596 134.0557
4.68 -2.263525 -3.860564 330.9357 328.6856 135.629
4.7 -2.249612 -3.8486 330.5405 328.7023 137.1823
4.72 -2.223584 -3.803881 328.7769 328.498 138.8088
4.74 -2.191355 -3.759345 327.4897 326.9604 141.2068
4.76 -2.155737 -3.708221 326.1837 324.369 144.2554
4.78 -2.114657 -3.64332 324.6862 321.918 147.2691
4.8 -2.065846 -3.580554 324.0611 319.4961 150.3291
4.82 -2.012461 -3.516943 323.8538 317.537 153.1194
4.84 -1.946278 -3.442497 323.7616 317.0066 155.067
4.86 -1.873184 -3.362836 323.8991 316.2889 157.1259
4.88 -1.788572 -3.26722 324.0766 314.6048 159.7387
4.9 -1.700652 -3.166406 324.1947 313.3622 162.049
4.92 -1.610681 -3.050592 323.9858 310.96 165.0249
4.94 -1.505567 -2.907045 322.965 309.3525 167.5602
4.96 -1.390709 -2.750497 322.1147 307.2394 170.4517
4.98 -1.270434 -2.590854 321.5799 305.0306 173.3285
5 -1.14521 -2.416993 320.8791 302.2554 176.5187
5.02 -1.011602 -2.225194 319.7367 299.543 179.6728
5.04 -0.8739159 -2.110231 318.8599 296.2092 183.2493
5.06 -0.7298369 -1.998263 318.1474 292.4259 187.187
5.08 -0.576646 -1.876428 317.4768 287.7942 191.7233
5.1 -0.4161164 -1.740355 316.7778 282.7628 196.6111
5.12 -0.2506234 -1.587621 316.0759 278.2899 201.1778
5.14 -0.08032198 -1.422848 315.39 273.3564 206.1474
5.16 0.09287535 -1.248161 314.8432 268.3349 211.2748
5.18 0.2684023 -1.060582 314.2938 263.2805 216.5225
5.2 0.446128 -0.8572865 313.6471 257.9619 222.0583
5.22 0.6234045 -0.6447232 313.1137 252.5233 227.7624
5.24 0.7993651 -0.4227483 312.6534 247.006 233.5884
5.26 0.9722118 -0.197948 312.4983 241.4177 239.4973
5.28 1.141341 0.02773428 312.7038 235.8369 245.4017
5.3 1.306546 0.2531343 313.293 230.363 251.2
5.32 1.467828 0.4779208 314.2494 225.0833 256.8054
5.34 1.625185 0.7017469 315.5488 220.0669 262.1498
5.36 1.778618 0.9242518 317.1617 215.361 267.1869
5.38 1.928127 1.070253 319.0559 210.9913 271.8918
5.4 2.073712 1.108936 321.1992 206.9655 276.2581
5.42 2.215374 1.148816 323.5606 203.2772 280.293
5.44 2.353111 1.190409 326.1116 199.9105 284.0136
5.46 2.486924 1.234206 328.8263 196.8441 287.4423
5.48 2.616813 1.280658 331.6822 194.0539 290.6045
5.5 2.742778 1.330182 334.6596 191.5153 293.5262
5.52 2.86482 1.383155 337.7415 189.2045 296.2327
5.54 2.982937 1.439915 340.9132 187.0992 298.7482
5.56 3.09713 1.500757 344.1623 185.179 301.0947
5.58 3.207399 1.565934 347.4781 183.4259 303.2927
5.6 3.313745 1.635654 350.8515 181.8238 305.3606
5.62 3.416166 1.710083 354.2746 180.3587 307.3151
5.64 3.514663 1.789336 357.7406 179.0186 309.1714
5.66 3.609236 1.869147 1.243657 177.7934 310.9435
5.68 3.699885 1.945904 4.778676 176.6744 312.6442
5.7 3.786611 2.027536 8.341193 175.6549 314.2854
5.72 3.869412 2.114043 11.92728 174.7295 315.8784
5.74 3.948289 2.20538 15.53342 173.8943 317.4343
5.76 4.023242 2.301457 19.15646 173.147 318.9638
5.78 4.094272 2.402141 22.79353 172.4871 320.4781
5.8 4.161377 2.507255 26.44193 171.9157 321.989
5.82 4.224558 2.616585 30.09912 171.4361 323.5089
5.84 4.283815 2.729869 33.76262 171.0541 325.0522
5.86 4.339149 2.846813 37.42993 170.7787 326.6355
5.88 4.390558 2.967085 41.09842 170.6231 328.2789
5.9 4.438043 3.090319 44.76518 170.606 330.0075
5.92 4.481605 3.216112 48.42689 170.7541 331.8536
5.94 4.521242 3.344034 52.07946 171.1053 333.8605
5.96 4.556955 3.473626 55.71765 171.7145 336.088
5.98 4.588744 3.604406 59.33422 172.663 338.6218
6 4.61661 3.735865 62.91871 174.0744 341.5898
6.02 4.640551 3.867475 66.45502 176.144 345.1914
6.04 4.660568 3.998691 69.91656 179.1935 349.752
6.06 4.676661 4.128953 73.25623 183.777 355.8293
6.08 4.68883 4.221446 76.38403 190.8831 4.415175
6.1 4.697076 4.272433 79.11673 202.2343 17.23564
6.12 4.701397 4.323597 81.08551 220.109 36.57209
6.14 4.701794 4.374699 81.72934 244.1613 62.08193
6.16 4.698267 4.425476 80.77097 267.2925 86.66956
6.18 4.690817 4.327554 78.61196 283.643 104.4785
6.2 4.679442 4.199705 75.7933 293.9159 116.2147
6.22 4.664143 4.070442 72.63704 300.381 124.1514
6.24 4.64492 3.94031 69.30058 304.5841 129.8375
6.26 4.621774 3.809838 65.86201 307.399 134.1501
6.28 4.594703 3.679533 62.36278 309.3184 137.5851
6.3 4.563708 3.549881 58.82664 310.6307 140.4346
6.32 4.52879 3.421342 55.26821 311.5129 142.8793
6.34 4.489947 3.294353 51.69702 312.0781 145.036
6.36 4.44718 3.169318 48.11966 312.4011 146.9838
6.38 4.400489 3.046614 44.54102 312.5329 148.7781
6.4 4.349874 2.926585 40.96485 312.5091 150.4591
6.42 4.295336 2.809544 37.39421 312.3547 152.0571
6.44 4.236873 2.695765 33.83174 312.0877 153.5953
6.46 4.174487 2.58549 30.27983 311.7207 155.0925
6.48 4.108176 2.478923 26.74069 311.2626 156.5642
6.5 4.037941 2.376233 23.21653 310.7194 158.0234
6.52 3.963782 2.277549 19.70955 310.0947 159.4818
6.54 3.8857 2.182962 16.22205 309.3904 160.9497
6.56 3.803693 2.092526 12.75644 308.6064 162.4371
6.58 3.717762 2.006258 9.315357 307.7418 163.9535
6.6 3.627907 1.924132 5.901658 306.7938 165.5082
6.62 3.534129 1.846091 2.518517 305.7587 167.1108
6.64 3.436426 1.769137 359.1695 304.6315 168.7711
6.66 3.334799 1.68739 355.8585 303.406 170.4996
6.68 3.229249 1.609521 352.5902 302.0747 172.3072
6.7 3.119774 1.53538 349.3696 300.6287 174.2059
6.72 3.006375 1.46478 346.2026 299.0578 176.2086
6.74 2.889052 1.397501 343.096 297.3502 178.3294
6.76 2.767806 1.314144 340.0575 295.4927 180.5835
6.78 2.642635 1.175845 337.0961 293.4706 182.9876
6.8 2.513541 1.038438 334.222 291.2676 185.5596
6.82 2.380522 0.9019456 331.4471 288.8662 188.3183
6.84 2.243579 0.766371 328.7849 286.248 191.2836
6.86 2.102712 0.6316924 326.2509 283.3942 194.4753
6.88 1.957922 0.4978676 323.8627 280.2866 197.9128
6.9 1.809207 0.3648324 321.6398 276.9093 201.613
6.92 1.656568 0.2325015 319.6039 273.2502 205.5889
6.94 1.500006 0.1007693 317.778 269.304 209.8467
6.96 1.339519 -0.03048992 316.1863 265.0744 214.3835
6.98 1.175108 -0.1614215 314.8529 260.5773 219.1841
7 1.006851 -0.291851 313.7881 255.8467 224.2174
7.02 0.835145 -0.4204526 312.9583 250.9347 229.4389
7.04 0.6600886 -0.5480638 312.4211 245.8758 234.8214
7.06 0.4827385 -0.6707919 312.047 240.7312 240.3242
7.08 0.30493 -0.7819471 311.6071 235.4922 245.9667
7.1 0.1267426 -0.8847507 311.2793 230.1438 251.7584
7.12 -0.04899636 -0.9710078 310.8011 224.5847 257.7648
7.14 -0.2200648 -1.040315 310.0464 219.0318 263.8115
7.16 -0.3846354 -1.093396 308.9421 213.1903 270.1489
7.18 -0.5433018 -1.339241 307.9023 207.2228 276.6594
7.2 -0.695427 -1.568942 306.9222 200.9769 283.4285
7.22 -0.8430276 -1.791831 306.6064 194.7756 290.2028
7.24 -0.9858084 -2.005063 306.6203 188.4003 297.1402
7.26 -1.121042 -2.212236 307.3697 182.1796 303.9204
7.28 -1.249635 -2.408489 308.4255 175.4921 310.9722
7.3 -1.372668 -2.592917 310.0594 170.4652 316.6291
7.32 -1.488831 -2.759255 311.685 165.4276 322.1456
7.34 -1.597264 -2.898027 312.9168 161.3854 326.8066
7.36 -1.698366 -3.029028 314.5381 157.2768 331.4337
7.38 -1.793045 -3.145741 316.2156 153.3118 335.8529
7.4 -1.877776 -3.243324 318.0166 148.7114 340.5917
7.42 -1.951325 -3.326771 320.1594 144.3928 344.9804
7.44 -2.012542 -3.387089 322.1172 140.6098 348.9592
7.46 -2.065902 -3.436687 324.3333 137.1736 352.6568
7.48 -2.116899 -3.467121 326.2156 133.2375 356.5382
7.5 -2.165032 -3.501086 328.8915 129.7689 0.00683864
7.52 -2.210035 -3.632574 331.9212 125.8925 3.544669
7.54 -2.25079 -3.759176 335.6305 121.7313 6.99551
7.56 -2.292077 -3.882977 340.195 117.2521 10.32193
7.58 -2.32412 -3.97838 344.7248 113.6172 13.0925
7.6 -2.35243 -4.055395 349.9112 110.7628 15.42227
7.62 -2.373406 -4.106107 354.5149 108.0165 17.47579
7.64 -2.386822 -4.134581 358.8737 104.9291 19.28903
7.66 -2.393883 -4.154431 2.959348 102.5894 20.85483
7.68 -2.393789 -4.161391 6.535614 100.9428 22.37061
7.7 -2.387382 -4.152317 10.30692 99.22929 23.74676
7.72 -2.37715 -4.132561 13.60828 97.65125 24.96343
7.74 -2.361397 -4.102294 16.69849 96.61195 26.23692
7.76 -2.339185 -4.056024 20.0499 94.59737 27.1671
7.78 -2.306385 -3.988755 23.89905 94.34532 28.65936
7.8 -2.267683 -3.913037 27.27879 94.39333 30.32568
7.82 -2.227259 -3.840949 29.79945 95.29881 32.39167
7.84 -2.18132 -3.75738 32.37715 95.1422 33.88053
7.86 -2.127507 -3.660321 35.0465 94.56077 35.20879
7.88 -2.064485 -3.547023 37.86255 94.44275 36.8061
7.9 -2.004884 -3.454081 39.41942 95.88067 39.42909
7.92 -1.930528 -3.322931 41.91887 98.00658 42.50265
7.94 -1.858566 -3.194016 44.07954 100.4627 45.8769
7.96 -1.771579 -3.031 47.05 102.1128 48.73666
7.98 -1.676791 -2.843356 50.51171 103.9461 51.83869
8 -1.576371 -2.639954 54.37684 104.9457 54.38202
8.02 -1.47613 -2.456141 56.8421 107.6112 58.32294
8.04 -1.370069 -2.250614 60.18956 109.1885 61.35258
8.059999 -1.262014 -2.059161 62.89848 110.4459 64.12392
8.08 -1.145035 -1.846775 66.18208 111.4922 66.73502
8.099999 -1.019365 -1.631248 69.23064 112.6891 69.50751
8.12 -0.8818796 -1.409746 71.65319 115.6516 73.96388
8.139999 -0.7388392 -1.179458 73.99766 120.031 79.80856
8.16 -0.5891477 -0.9324069 76.49353 126.7222 87.93542
8.179999 -0.4255623 -0.7737156 78.57757 138.1694 100.7857
8.2 -0.2559901 -0.6273705 80.1179 154.1716 118.1856
8.22 -0.07943837 -0.4696822 80.62009 173.8306 139.2357
8.24 0.102527 -0.2919918 80.25797 193.5473 160.3336
8.26 0.2847114 -0.1022893 79.12103 210.0657 178.2299
8.28 0.4636708 -0.00229466 77.29401 222.4435 191.9889
8.3 0.6387063 0.08471274 74.99 231.1865 202.1174
8.32 0.8098177 0.1707153 72.39812 237.2929 209.6159
8.34 0.9770051 0.2560233 69.63068 241.6069 215.3307
8.36 1.140268 0.3409328 66.75302 244.703 219.8387
8.38 1.299608 0.4257259 63.80402 246.9531 223.5141
8.4 1.455023 0.5106683 60.8079 248.5985 226.6008
8.42 1.606515 0.5960102 57.78038 249.7989 229.2608
8.44 1.754082 0.6819832 54.7321 250.6626 231.6051
8.46 1.897725 0.7688026 51.6706 251.2646 233.7117
8.48 2.037445 0.856663 48.6014 251.6586 235.6369
8.5 2.17324 0.9457412 45.52871 251.883 237.4223
8.52 2.305112 1.036194 42.45589 251.9663 239.0996
8.54 2.433059 1.128156 39.38568 251.9295 240.6933
8.559999 2.557082 1.221745 36.32044 251.7885 242.223
8.58 2.677182 1.317055 33.26224 251.5552 243.7044
8.599999 2.793357 1.414158 30.21299 251.2384 245.1507
8.62 2.905609 1.513109 27.17446 250.8448 246.573
8.639999 3.013936 1.613936 24.14842 250.3791 247.981
8.66 3.11834 1.716652 21.13659 249.8445 249.3832
8.679999 3.218819 1.821243 18.14074 249.2431 250.7876
8.7 3.315374 1.927679 15.16271 248.5759 252.2012
8.72 3.408006 2.035905 12.2044 247.8428 253.631
8.74 3.496713 2.145849 9.267886 247.0432 255.0837
8.76 3.581497 2.257418 6.355357 246.1755 256.5659
8.78 3.662356 2.370498 3.469212 245.2374 258.084
8.8 3.739292 2.48496 0.6120717 244.2258 259.6449
8.82 3.812303 2.592927 357.7868 243.1373 261.2554
8.84 3.881391 2.699963 354.9966 241.9673 262.9228
8.86 3.946554 2.808052 352.2451 240.7109 264.6545
8.88 4.007793 2.917027 349.536 239.3624 266.4586
8.9 4.065109 3.026705 346.8739 237.9151 268.3434
8.92 4.1185 3.120862 344.2635 236.3622 270.3179
8.94 4.167968 3.128501 341.7105 234.6956 272.3915
8.96 4.213511 3.134221 339.2209 232.907 274.5739
8.98 4.255131 3.138155 336.8015 230.9874 276.8754
9 4.292826 3.14043 334.46 228.9274 279.3066
9.02 4.326598 3.141163 332.2048 226.7175 281.8782
9.04 4.356445 3.140463 330.0454 224.348 284.6006
9.059999 4.382369 3.138426 327.992 221.8102 287.4836
9.08 4.404368 3.135144 326.056 219.0961 290.5359
9.099999 4.422443 3.130696 324.2493 216.1995 293.7646
9.12 4.436595 3.125153 322.585 213.1169 297.1737
9.139999 4.446823 3.118574 321.0763 209.8483 300.7642
9.16 4.453126 3.111007 319.737 206.3982 304.532
9.179999 4.455505 3.102492 318.5805 202.7766 308.4677
9.2 4.453961 3.093058 317.6195 198.9997 312.5559
9.22 4.448493 3.082722 316.8654 195.0901 316.7745
9.24 4.4391 3.071493 316.3278 191.0767 321.0949
9.26 4.425783 3.059366 316.0135 186.994 325.4835
9.28 4.408543 3.046329 315.9264 182.8801 329.9024
9.3 4.387378 3.032362 316.0673 178.7751 334.3122
9.32 4.36229 3.017426 316.4332 174.7184 338.674
9.34 4.333277 3.00148 317.0183 170.7469 342.9513
9.36 4.300341 2.984472 317.8138 166.8926 347.1128
9.38 4.26348 2.96634 318.8088 163.1818 351.1325
9.4 4.222696 2.94701 319.9907 159.6344 354.9913
9.42 4.177987 2.926404 321.3458 156.2636 358.6764
9.44 4.129354 2.843762 322.8602 153.0769 2.180833
9.46 4.076798 2.724819 324.52 150.0768 5.502839
9.48 4.020318 2.605864 326.3116 147.2614 8.644754
9.5 3.959913 2.487092 328.2222 144.6261 11.61207
9.52 3.895585 2.368688 330.2399 142.1637 14.41251
9.54 3.827332 2.250814 332.3536 139.8657 17.0553
9.559999 3.755156 2.133626 334.5533 137.7229 19.55055
9.58 3.679055 2.017257 336.83 135.7256 21.90873
9.599999 3.59903 1.901825 339.1753 133.8642 24.14037
9.62 3.515082 1.787434 341.5819 132.1294 26.25578
9.639999 3.427209 1.674169 344.0433 130.5123 28.26493
9.66 3.335413 1.562096 346.5536 129.0047 30.17728
9.679999 3.239692 1.451269 349.1075 127.5988 32.00183
9.7 3.140048 1.341719 351.7004 126.2876 33.74704
9.719999 3.036479 1.233465 354.328 125.0649 35.42084
9.74 2.928987 1.126506 356.9867 123.9249 37.0307
9.76 2.81757 1.020825 359.673 122.8625 38.58367
9.78 2.70223 0.9080669 2.384001 121.8735 40.08638
9.8 2.582965 0.7953042 5.116882 120.9539 41.54517
9.82 2.459777 0.6836386 7.869199 120.1006 42.96607
9.84 2.332664 0.5730208 10.63869 119.3111 44.35497
9.86 2.201628 0.4633808 13.42332 118.5832 45.7176
9.88 2.066668 0.3546369 16.22116 117.9157 47.05967
9.9 1.927783 0.2466898 19.03045 117.3078 48.38689
9.92 1.784975 0.1394267 21.84954 116.7594 49.70518
9.94 1.638242 0.03271961 24.67687 116.2711 51.02064
9.96 1.487586 -0.07357121 27.51092 115.8447 52.33983
9.98 1.333005 -0.1796012 30.35023 115.4824 53.66984
10 1.174565 -0.2854524 33.19386 115.1879 55.01964