t n fps
0 1 0
0.02 1 50
0.0388168 1 53
0.0445754 1 86
0.0477034 1 123
0.0509142 1 155
0.0540017 1 183
0.056476 1 215
0.0592637 1 239
0.0624676 1 253
0.0657418 1 264
0.068178 1 287
0.0704123 1 311
0.0729293 1 326
0.0756408 1 334
0.0783844 1 340
0.0819931 1 325
0.0863367 1 299
0.0900765 1 292
0.0932642 1 296
0.096109 1 306
0.0987612 1 318
0.1016689 1 323
0.1051209 2 315
0.107792 2 326
0.1105561 2 332
0.1132996 2 338
0.1158583 2 347
0.1182878 2 359
0.1209166 2 363
0.124497 2 342
0.1277834 2 334
0.1310875 2 327
0.1342234 2 325
0.1372719 2 326
0.141302 2 306
0.1449955 2 298
0.1480534 2 304
0.1515023 2 301
0.1545372 2 306
0.1572563 2 316
0.16024 2 320
0.1650288 2 289
0.1690436 2 280
0.171521 2 298
0.1740929 2 313
0.1766842 2 325
0.1790296 2 341
0.1816881 2 348
0.1846987 2 344
0.1871321 2 356
0.1896003 2 365
0.1920052 2 374
0.1945056 2 379
0.1970291 2 382
0.1994813 2 387
0.2019313 2 391
0.2051072 3 373
0.2075575 3 379
0.2106079 3 368
0.2203429 3 242
0.224458 3 242
0.2284975 3 243
0.2322447 3 247
0.2352716 3 261
0.2381934 3 274
0.2409835 3 287
0.2446109 3 285
0.248222 3 283
0.2515264 3 287
0.2547555 3 291
0.2578649 3 296
0.2618735 3 286
0.2655023 3 283
0.2686223 3 290
0.271277 3 304
0.2741559 3 312
0.2770023 3 319
0.2800939 3 320
0.283346 3 317
0.2862775 3 321
0.2891451 3 326
0.2920733 3 329
0.2947624 3 337
0.2974391 3 344
0.300308 3 344
0.3031069 3 347
0.306123 4 344
0.3087498 4 350
0.3114268 4 355
0.315631 4 323
0.3195839 4 306
0.3221568 4 319
0.3253638 4 318
0.3278835 4 331
0.3304531 4 341
0.3330574 4 349
0.3358017 4 352
0.3382865 4 361
0.3412241 4 356
0.3442779 4 350
0.3471005 4 351
0.3498239 4 354
0.3525355 4 357
0.3552702 4 358
0.3576968 4 368
0.3603793 4 369
0.3635778 4 356
0.3660565 4 364
0.3693552 4 350
0.3727708 4 337
0.3758493 4 334
0.3786426 4 339
0.3813994 4 343
0.3846626 4 335
0.3873349 4 342
0.3902042 4 343
0.3927091 4 353
0.3962619 4 336
0.4001265 4 317
0.4041819 4 300
0.4071452 5 306
0.4096164 5 322
0.4122543 5 332
0.4169096 5 299
0.4194711 5 314
0.4225568 5 316
0.425959 5 311
0.4288286 5 318
0.4317157 5 323
0.4349938 5 319
0.437537 5 332
0.4405202 5 332
0.4438772 5 325
0.446567 5 333
0.4495188 5 334
0.452563 5 333
0.4552218 5 341
0.4581358 5 341
0.4609092 5 345
0.4647286 5 324
0.469132 5 298
0.4732308 5 285
0.4758498 5 301
0.4783928 5 315
0.4813265 5 320
0.4844564 5 320
0.4869886 5 332
0.4897776 5 337
0.4927096 5 338
0.4952469 5 348
0.4980234 5 350
0.5007765 5 353
0.504015 5 343
0.5068065 5 346
0.5095697 6 349
0.5122301 6 354
0.5149241 6 357
0.5175019 6 363
0.5203416 6 360
0.5237071 6 346
0.5264459 6 349
0.5291055 6 354
0.5318911 6 355
0.5346617 6 356
0.5373188 6 360
0.5402096 6 357
0.5434561 6 346
0.5465078 6 342
0.5497233 6 335
0.5523855 6 342
0.5549582 6 351
0.5577117 6 353
0.5603797 6 357
0.5636485 6 345
0.5661595 6 355
0.5687529 6 360
0.5713128 6 366
0.5738739 6 371
0.5769019 6 362
0.5794345 6 368
0.5823424 6 363
0.585436 6 354
0.5880636 6 359
0.5912575 6 348
0.5939202 6 354
0.5966995 6 355
0.60089 6 323
0.6037482 6 328
0.606277 6 340
0.6087894 6 350
0.6115358 7 352
0.6185434 7 272
0.6262338 7 223
0.6316207 7 214
0.6344483 7 233
0.6376041 7 246
0.6404574 7 261
0.6438646 7 267
0.6467271 7 280
0.6495098 7 293
0.6535735 7 282
0.6568551 7 286
0.6599939 7 292
0.6628238 7 303
0.6661304 7 302
0.6690051 7 310
0.6717146 7 321
0.6746045 7 325
0.6775228 7 329
0.6804528 7 331
0.6841709 7 316
0.6874037 7 315
0.6900368 7 326
0.6927827 7 333
0.6953789 7 342
0.6988458 7 330
0.701574 7 336
0.7048701 7 329
0.707309 7 343
0.7101773 7 344
0.7137557 8 328
0.7165476 8 334
0.7193564 8 338
0.72227 8 339
0.7255659 8 331
0.7282199 8 339
0.7309216 8 345
0.7338213 8 345
0.7365903 8 348
0.7397662 8 341
0.742863 8 337
0.7465433 8 321
0.7493588 8 327
0.7528886 8 317
0.7564196 8 310
0.7592068 8 318
0.7627678 8 310
0.7662362 8 305
0.7690377 8 314
0.7735199 8 290
0.7784501 8 267
0.7812257 8 282
0.7846753 8 283
0.7873309 8 298
0.7906752 8 298
0.7941575 8 296
0.7971305 8 303
0.8002116 8 307
0.8040301 8 297
0.8070166 8 303
0.8107117 8 296
0.814669 9 286
0.8179924 9 289
0.8208475 9 299
0.8267063 9 260
0.829882 9 269
0.8326604 9 283
0.8353911 9 297
0.8380251 9 310
0.8405166 9 325
0.8436865 9 323
0.846404 9 331
0.8491253 9 338
0.8517611 9 345
0.8543395 9 353
0.8572364 9 351
0.8602608 9 347
0.8643681 9 319
0.8683857 9 302
0.871694 9 302
0.8744997 9 312
0.8771829 9 322
0.8797953 9 333
0.8825681 9 338
0.8859455 9 328
0.8889599 9 329
0.8919211 9 331
0.8946756 9 336
0.8975367 9 339
0.9003692 9 342
0.903859 9 329
0.9067583 9 332
0.9096108 9 335
0.9122866 9 342
0.9152112 10 342
0.917794 10 350
0.9208904 10 344
0.9253632 10 311
0.9300033 10 285
0.9327665 10 298
0.9354176 10 311
0.9381858 10 320
0.9409522 10 327
0.9440657 10 326
0.9466636 10 336
0.9497864 10 333
0.9526665 10 335
0.9554773 10 339
0.958126 10 346
0.9605142 10 358
0.9638383 10 345
0.96706 10 337
0.9700007 10 338
0.9727497 10 343
0.9756346 10 343
0.9781869 10 352
0.9809304 10 354
0.9838848 10 351
0.9864362 10 358
0.9892192 10 358
0.9917689 10 365
0.994268 10 371
0.9972136 10 364
1.000116 10 360
1.003199 10 352
1.005854 10 357
1.008294 10 366
1.010844 10 371
1.01342 10 374
1.016105 11 374
1.018771 11 374
1.021285 11 378
1.026664 11 313
1.029781 11 315
1.032137 11 332
1.034573 11 345
1.037006 11 356
1.039354 11 368
1.041788 11 376
1.044553 11 373
1.046984 11 380
1.049374 11 387
1.051762 11 393
1.054322 11 392
1.056932 11 390
1.059775 11 382
1.062334 11 383
1.065459 11 369
1.068122 11 370
1.070946 11 367
1.075063 11 333
1.07872 11 319
1.081406 11 328
1.084291 11 331
1.086788 11 343
1.089743 11 342
1.092816 11 339
1.095601 11 342
1.098298 11 348
1.101145 11 348
1.10443 11 338
1.107232 11 342
1.110093 11 343
1.113105 11 341
1.116379 11 333
1.119933 12 321
1.123871 12 305
1.127673 12 295
1.130673 12 302
1.133704 12 307
1.136784 12 310
1.139603 12 318
1.14286 12 316
1.146343 12 310
1.149155 12 318
1.152578 12 312
1.155851 12 311
1.15857 12 321
1.161358 12 327
1.164524 12 325
1.167634 12 324
1.172111 12 297
1.175452 12 297
1.178397 12 305
1.181669 12 305
1.18509 12 302
1.187954 12 311
1.190809 12 318
1.193855 12 320
1.197027 12 319
1.200151 12 319
1.203744 12 310
1.206495 12 319
1.210382 12 304
1.214774 12 285
1.219908 12 261
1.224315 13 253
1.234169 13 195
1.239346 13 194
1.242494 13 211
1.246783 13 215
1.249226 13 237
1.25171 13 258
1.25414 13 279
1.256912 13 292
1.260042 13 297
1.263931 13 288
1.267077 13 294
1.269746 13 307
1.272557 13 315
1.27536 13 323
1.278083 13 331
1.280649 13 341
1.286528 13 284
1.28906 13 301
1.291656 13 314
1.294341 13 324
1.296832 13 337
1.299384 13 347
1.301818 13 358
1.313308 13 220
1.315699 13 243
1.318169 13 264
1.320924 13 279
1.324776 14 275
1.327017 14 298
1.32942 14 316
1.331731 14 334
1.334117 14 348
1.336741 14 354
1.339396 14 358
1.341929 14 365
1.346127 14 330
1.348699 14 340
1.351299 14 348
1.353922 14 354
1.356362 14 364
1.359349 14 358
1.36183 14 366
1.365853 14 334
1.368681 14 338
1.371196 14 348
1.37368 14 358
1.37636 14 361
1.380627 14 325
1.386567 14 274
1.389033 14 293
1.39146 14 311
1.394092 14 323
1.396891 14 329
1.399471 14 339
1.401995 14 349
1.407809 14 289
1.410161 14 309
1.412351 14 330
1.41465 14 347
1.417415 14 350
1.419855 14 360
1.422171 14 372
1.426559 15 330
1.431358 15 296
1.433714 15 315
1.436062 15 332
1.438495 15 345
1.44084 15 359
1.444917 15 328
1.447175 15 346
1.449453 15 361
1.451701 15 375
1.453792 15 392
1.455948 15 405
1.458048 15 417
1.460168 15 427
1.464494 15 365
1.466645 15 381
1.468744 15 397
1.470887 15 409
1.473132 15 416
1.475472 15 418
1.477867 15 418
1.480274 15 417
1.484119 15 372
1.486451 15 382
1.488708 15 393
1.49101 15 400
1.49366 15 395
1.496985 15 372
1.49992 15 365
1.502582 15 367
1.508032 15 306
1.511379 15 304
1.514488 15 307
1.517023 15 322
1.519548 15 334
1.522045 15 345
1.527364 15 296
1.532242 16 271
1.536152 16 268
1.538682 16 286
1.541559 16 297
1.546712 16 268
1.549162 16 288
1.551634 16 305
1.554149 16 320
1.556949 16 327
1.559799 16 331
1.562765 16 332
1.572687 16 227
1.576951 16 229
1.581064 16 231
1.589313 16 196
1.593341 16 204
1.596702 16 218
1.59994 16 231
1.603202 16 243
1.611218 16 204
1.614447 16 219
1.617694 16 232
1.620916 16 245
1.630759 16 191
1.636714 17 186
1.640217 17 199
1.647452 17 183
1.651332 17 194
1.654337 17 212
1.657082 17 231
1.660436 17 242
1.666987 17 216
1.670172 17 231
1.673307 17 244
1.676148 17 260
1.679091 17 273
1.683921 17 256
1.69277 17 204
1.69622 17 217
1.700326 17 222
1.708128 17 193
1.711073 17 212
1.714104 17 228
1.717056 17 244
1.719692 17 262
1.722693 17 274
1.729964 17 228
1.732804 17 246
1.735564 18 263
1.738309 18 278
1.740981 18 293
1.747889 18 243
1.750788 18 258
1.753483 18 275
1.756551 18 284
1.759297 18 297
1.762148 18 306
1.768675 18 255
1.771094 18 276
1.773549 18 295
1.776815 18 297
1.779716 18 305
1.782299 18 319
1.791709 18 227
1.794505 18 245
1.797299 18 262
1.800239 18 274
1.807167 18 232
1.810165 18 247
1.812828 18 265
1.815557 18 281
1.818287 18 294
1.821033 18 306
1.82844 18 244
1.831486 18 257
1.839407 18 213
1.845283 19 202
1.853086 19 181
1.85618 19 199
1.859208 19 216
1.86157 19 239
1.869491 19 203
1.872122 19 224
1.874505 19 247
1.876881 19 269
1.879317 19 289
1.882278 19 297
1.889554 19 241
1.893564 19 243
1.896027 19 264
1.898617 19 282
1.90136 19 295
1.909381 19 231
1.911911 19 252
1.914595 19 270
1.917567 19 281
1.920171 19 297
1.928015 19 234
1.931124 19 248
1.933957 19 263
1.936432 19 283
1.938882 19 301
1.941693 19 311
1.949475 20 242
1.951845 20 264
1.954501 20 281
1.956818 20 302
1.959214 20 320
1.961832 20 330
1.970258 20 243
1.972707 20 265
1.974998 20 287
1.977668 20 301
1.980785 20 305
1.990395 20 220
1.995474 20 215
1.999471 20 221
2.001733 20 245
2.009192 20 210
2.011566 20 234
2.014015 20 255
2.016277 20 279
2.01854 20 301
2.020985 20 318
2.028702 20 246
2.031282 20 265
2.035739 20 256
2.038309 20 275
2.04066 20 296
2.048517 20 234
2.051018 21 255
2.053257 21 279
2.055533 21 301
2.057966 21 318
2.060917 21 322
2.070259 21 229
2.07473 21 228
2.077466 21 247
2.079891 21 268
2.082253 21 289
2.09061 21 225
2.093396 21 243
2.095968 21 263
2.098689 21 279
2.101693 21 288
2.110558 21 219
2.113039 21 241
2.11544 21 264
2.117803 21 285
2.120028 21 308
2.128727 21 230
2.131234 21 251
2.133769 21 271
2.136159 21 291
2.138778 21 306
2.141508 21 316
2.151747 21 218
2.155904 22 222
2.158426 22 244
2.161037 22 263
2.171986 22 191
2.174343 22 214
2.177027 22 234
2.179453 22 256
2.182025 22 275
2.190302 22 219
2.192828 22 240
2.195359 22 261
2.197985 22 278
2.200621 22 294
2.209367 22 223
2.211951 22 244
2.214823 22 259
2.217546 22 276
2.220324 22 289
2.228451 22 227
2.231074 22 247
2.233586 22 268
2.238377 22 253
2.240882 22 273
2.250798 22 203
2.25331 22 225
2.256086 23 244
2.258375 23 267
2.260998 23 284
2.269551 23 221
2.272198 23 241
2.274658 23 262
2.277251 23 280
2.279584 23 301
2.282065 23 317
2.291597 23 225
2.296263 23 223
2.300367 23 227
2.309011 23 190
2.311609 23 211
2.314262 23 232
2.316777 23 253
2.319533 23 269
2.322006 23 288
2.33217 23 208
2.334914 23 227
2.337191 23 252
2.339821 23 270
2.342399 23 287
2.35151 23 217
2.354404 23 234
2.356956 24 255
2.359729 24 270
2.362291 24 288
2.371804 24 213
2.374493 24 233
2.377247 24 251
2.380225 24 264
2.389611 24 204
2.39228 24 224
2.395097 24 242
2.397857 24 259
2.400797 24 272
2.412117 24 192
2.415063 24 210
2.417964 24 228
2.420502 24 249
2.429771 24 197
2.432898 24 213
2.435921 24 230
2.440959 24 223
2.450604 24 181
2.4551 24 188
2.459721 25 193
2.462142 25 216
2.472249 25 174
2.475119 25 194
2.477796 25 214
2.48053 25 234
2.49166 25 177
2.494479 25 196
2.497305 25 216
2.499695 25 239
2.502242 25 259
2.511304 25 204
2.514425 25 220
2.516999 25 241
2.519445 25 262
2.522036 25 280
2.531947 25 206
2.534646 25 226
2.537143 25 248
2.539768 25 267
2.542472 25 282
2.55238 25 207
2.554946 25 229
2.557537 25 249
2.560211 26 267
2.571435 26 190
2.573816 26 214
2.576782 26 231
2.57927 26 252
2.582056 26 268
2.591795 26 202
2.59446 26 223
2.596868 26 246
2.599143 26 269
2.601921 26 284
2.613848 26 192
2.618132 26 199
2.620701 26 220
2.631278 26 174
2.634433 26 191
2.6374 26 209
2.642567 26 206
2.654745 26 158
2.657111 26 180
2.659892 26 200
2.662508 27 221
2.675008 27 163
2.677369 27 186
2.680852 27 200
2.691226 27 165
2.693646 27 187
2.696182 27 209
2.698519 27 233
2.701021 27 254
2.713351 27 178
2.716067 27 198
2.718478 27 221
2.721054 27 242
2.735042 27 164
2.738292 27 180
2.741586 27 196
2.75251 27 160
2.757066 27 169
2.762381 27 172
2.773369 28 146
2.776257 28 165
2.778721 28 187
2.781361 28 208
2.793301 28 160
2.795853 28 182
2.798117 28 206
2.80048 28 230
2.811347 28 176
2.81385 28 199
2.816118 28 223
2.818453 28 247
2.820716 28 271
2.832397 28 189
2.835185 28 208
2.837915 28 228
2.845089 28 202
2.863954 28 129
2.876214 29 115
2.878821 29 134
2.881223 29 155
2.892394 29 135
2.89475 29 157
2.897005 29 180
2.899591 29 201
2.902092 29 224
2.914776 29 163
2.919206 29 173
2.923715 29 181
2.934751 29 151
2.937227 29 172
2.939815 29 194
2.942042 29 218
2.95315 29 170
2.955637 29 192
2.958342 29 212
2.960956 29 233
2.972777 29 172
2.97509 30 196
2.977371 30 220
2.980012 30 240
2.990838 30 182
2.99365 30 201
2.996398 30 221
3.000418 30 226
3.012199 30 169
3.014802 30 191
3.017403 30 212
3.019871 30 234
3.022475 30 254
3.037067 30 165
3.043045 30 165
3.0626 30 114
3.079584 30 96
3.087024 31 102
3.105028 31 87
3.117156 31 86
3.120203 31 101
3.131583 31 98
3.135453 31 112
3.138891 31 127
3.141453 31 147
3.155172 31 122
3.158544 31 138
3.161332 31 158
3.172697 31 136
3.175365 31 156
3.17856 31 173
3.181397 31 193
3.193502 32 152
3.19672 32 169
3.199752 32 188
3.202872 32 204
3.215066 32 157
3.217952 32 176
3.220804 32 196
3.23182 32 159
3.236852 32 165
3.241527 32 173
3.252958 32 145
3.25771 32 154
3.260613 32 173
3.271028 32 149
3.275102 32 162
3.278435 32 178
3.281471 32 196
3.294637 33 149
3.297459 33 168
3.300798 33 184
3.312443 33 150
3.31506 33 171
3.318296 33 187
3.32103 33 208
3.333581 33 157
3.336675 33 175
3.339293 33 196
3.342532 33 212
3.356622 33 151
3.359589 33 170
3.3629 33 186
3.375003 33 149
3.378155 33 166
3.380666 33 188
3.392711 33 150
3.398528 34 154
3.403414 34 162
3.417099 34 130
3.419655 34 150
3.422071 34 172
3.434258 34 141
3.437029 34 160
3.439911 34 180
3.442838 34 199
3.454311 34 158
3.459704 34 163
3.462223 34 184
3.475473 34 143
3.477982 34 164
3.480528 34 186
3.492625 34 148
3.495081 34 170
3.49767 35 191
3.500183 35 214
3.512063 35 163
3.514449 35 186
3.516795 35 209
3.519287 35 232
3.522059 35 249
3.53518 35 171
3.538207 35 189
3.540814 35 211
3.556598 35 144
3.583091 35 92
3.620732 35 61
3.652443 36 51
3.666511 36 54
3.683444 36 55
3.69904 36 57
3.701843 36 68
3.716653 36 68
3.721208 36 79
3.740422 37 71
3.756472 37 69
3.759358 37 82
3.761748 37 98
3.777676 37 88
3.78051 37 104
3.794794 37 94
3.797626 37 111
3.800372 37 129
3.815078 37 109
3.817993 37 126
3.82049 37 146
3.836365 37 115
3.838872 38 135
3.841109 38 157
3.855835 38 124
3.858155 38 145
3.860734 38 165
3.879144 38 117
3.886005 38 122
3.918188 38 77
3.948631 38 60
3.98713 39 47
4.02085 39 42
4.060246 39 37
4.098999 40 34
4.125286 40 35
4.166207 40 32
4.209318 41 29
4.251021 41 28
4.291888 41 27
4.332597 42 26
4.372231 42 26
4.40529 42 27
4.443772 43 26
4.479546 43 27
4.495177 43 30
4.509545 43 34
4.52654 44 37
4.543531 44 40
4.564472 44 41
4.582648 44 43
4.600772 44 45
4.62796 44 43
4.653126 45 42
4.681647 45 41
4.715532 45 38
4.733531 45 40
4.750846 46 43
4.771894 46 43
4.792425 46 44
4.81223 46 45
4.830224 46 47
4.859964 46 43
4.881761 47 44
4.917499 47 39
4.937594 47 41
4.954629 47 43
4.976959 47 44
4.995687 48 45
5.013412 48 47
5.032905 48 48
5.052955 48 48
5.076591 48 47
5.102126 48 45
5.144039 49 38
5.187992 49 33
5.232834 49 30
5.307363 50 24
5.385361 50 20
5.45899 50 18
5.51463 50 18
5.563823 50 18
5.619819 50 18
5.661424 50 19
5.711671 50 19
5.743345 50 21
5.779959 50 22
5.799245 50 25
5.818226 50 28
5.83559 50 31
5.85525 50 33
5.875242 50 36
5.898958 50 37
5.921281 50 38
5.961888 50 34
6.003408 50 31
6.046263 50 29
6.086728 50 28
6.135215 50 26
6.176955 50 25
6.218544 50 25
6.257576 50 25
6.301113 50 24
6.365866 50 22
6.427216 50 20
6.487976 50 19
6.546824 50 19
6.605177 50 18
6.662315 50 18
6.718336 50 18
6.755429 50 19
6.792074 50 20
6.827293 50 21
6.860504 50 23
6.895625 50 24
6.920035 50 26
6.955103 50 26
6.973567 50 29
6.995788 50 31
7.013461 50 34
7.031497 50 37
7.049007 50 40
7.069626 50 41
7.092655 50 42
7.118245 50 41
7.141117 50 41
7.179716 50 37
7.200565 50 39
7.238786 50 35
7.258798 50 37
7.279642 50 39
7.300786 50 40
7.337636 50 37
7.361364 50 37
7.407472 50 33
7.450976 50 30
7.493484 50 28
7.531614 50 28
7.570223 50 27
7.607366 50 27
7.64748 50 26
7.686038 50 26
7.723849 50 26
7.762206 50 26
7.797789 50 26
7.819648 50 29
7.843271 50 31
7.881372 50 30
7.923261 50 28
7.961717 50 28
7.999322 50 27
8.022961 50 29
8.060836 50 29
8.102466 50 27
8.140115 50 27
8.176414 50 27
8.195382 50 30
8.214492 50 33
8.233665 50 35
8.252664 50 38
8.270819 50 40
8.291307 50 42
8.309431 50 44
8.336164 50 42
8.355906 50 44
8.37758 50 44
8.398186 50 45
8.4188 50 45
8.438081 50 46
8.45486 50 49
8.473598 50 49
8.491109 50 51
8.509994 50 51
8.53025 50 51
8.549298 50 51
8.566412 50 52
8.584331 50 53
8.601657 50 54
8.620273 50 53
8.640059 50 53
8.661259 50 51
8.680012 50 52
8.700911 50 51
8.718906 50 52
8.723592 50 61
8.740739 50 60
8.758906 50 59
8.761533 50 71
8.780292 50 66
8.799495 50 63
8.801847 50 76
8.819191 50 71
8.821552 50 85
8.840903 50 75
8.858489 50 71
8.861847 50 83
8.883302 50 72
8.903146 50 66
8.924743 50 61
8.948524 50 56
8.967216 50 55
8.988251 50 53
9.007094 50 53
9.025888 50 53
9.04394 50 53
9.065783 50 52
9.084005 50 52
9.103816 50 52
9.123316 50 51
9.143175 50 51
9.166259 50 49
9.187175 50 49
9.209039 50 48
9.230049 50 48
9.247617 50 49
9.266734 50 50
9.28469 50 51
9.303707 50 51
9.322947 50 51
9.340998 50 52
9.360876 50 51
9.380266 50 51
9.399721 50 51
9.40258 50 62
9.421467 50 60
9.443505 50 56
9.464359 50 54
9.486619 50 52
9.507143 50 51
9.524501 50 52
9.542944 50 52
9.559908 50 54
9.562906 50 64
9.58406 50 60
9.601613 50 59
9.621255 50 57
9.639441 50 57
9.64319 50 67
9.661606 50 64
9.678256 50 63
9.680767 50 76
9.699764 50 70
9.704445 50 81
9.724248 50 72
9.745337 50 65
9.769988 50 58
9.789672 50 56
9.807919 50 56
9.825309 50 56
9.844997 50 55
9.863047 50 55
9.88216 50 54
9.903556 50 52
9.926735 50 50
9.947339 50 50
9.967266 50 50
9.9883 50 49
10.01008 50 48