t n fps
0 1 0
0.02 1 50
0.0440326 1 41
0.0575452 1 54
0.0605404 1 83
0.0646155 1 107
0.0689513 1 127
0.071998 1 153
0.074646 1 180
0.0776671 1 202
0.0805733 1 223
0.0840259 1 235
0.0868235 1 254
0.0894711 1 273
0.0923872 1 286
0.0950562 1 301
0.0979793 1 308
0.1007218 1 318
0.1045281 2 305
0.1073778 2 313
0.1102835 2 319
0.1146077 2 296
0.1194108 2 273
0.123036 2 273
0.1281942 2 252
0.1322764 2 251
0.1361863 2 252
0.1399611 2 254
0.1474132 2 215
0.1531537 2 205
0.1574219 2 211
0.1618313 2 214
0.1680562 2 200
0.1732016 2 199
0.1772577 2 207
0.1810113 2 216
0.1858911 2 214
0.1888118 2 231
0.1919126 2 245
0.1958286 2 247
0.1987352 2 262
0.2027501 2 259
0.2068264 3 256
0.2098725 3 268
0.2174688 3 222
0.2208596 3 233
0.2253537 3 231
0.2283034 3 247
0.2312774 3 260
0.2365231 3 242
0.2398159 3 253
0.2432696 3 259
0.2468456 3 263
0.2499113 3 273
0.252804 3 285
0.2557647 3 294
0.2586566 3 303
0.2618694 3 305
0.26531 3 302
0.2683402 3 307
0.2711542 3 315
0.2740344 3 321
0.2769983 3 324
0.2797672 3 331
0.2825781 3 336
0.2861155 3 323
0.2895413 3 316
0.2930472 3 310
0.2962133 3 311
0.2998014 3 304
0.3030906 3 304
0.3067004 4 298
0.3098409 4 302
0.3132632 4 300
0.317962 4 277
0.3222569 4 267
0.3254284 4 275
0.3285605 4 283
0.3316763 4 290
0.3344538 4 301
0.3373017 4 310
0.3400997 4 318
0.3434672 4 314
0.3464508 4 318
0.3492063 4 326
0.3519847 4 332
0.3546282 4 340
0.3573924 4 344
0.3601697 4 347
0.3639061 4 328
0.3665751 4 336
0.3695 4 337
0.3726 4 334
0.3762713 4 319
0.3795526 4 316
0.3823949 4 323
0.3859102 4 314
0.389017 4 316
0.3918554 4 322
0.394723 4 327
0.3977562 4 327
0.4005795 4 332
0.4039039 4 325
0.4070043 5 325
0.4098247 5 330
0.4127069 5 333
0.4173363 5 301
0.4200977 5 311
0.4235297 5 307
0.4264523 5 313
0.4294147 5 318
0.4322411 5 324
0.4349736 5 332
0.4377871 5 336
0.4407129 5 337
0.4443459 5 322
0.447288 5 326
0.4502325 5 328
0.4529712 5 335
0.4562104 5 329
0.459349 5 327
0.4625848 5 323
0.4661377 5 314
0.4709354 5 285
0.4751753 5 273
0.4777808 5 290
0.4805082 5 303
0.4835683 5 307
0.4865135 5 313
0.4893977 5 319
0.4920266 5 330
0.4950717 5 329
0.4980893 5 330
0.5011591 5 329
0.5043806 5 325
0.5076917 6 320
0.5138668 6 267
0.5170358 6 276
0.5205902 6 277
0.5240984 6 278
0.5270267 6 289
0.5299228 6 299
0.5330035 6 303
0.5359694 6 309
0.5388792 6 316
0.5419381 6 318
0.5452218 6 315
0.5484221 6 314
0.5515873 6 315
0.5550064 6 310
0.5584391 6 306
0.5617307 6 305
0.5657484 6 292
0.5685854 6 302
0.5712933 6 314
0.5743009 6 317
0.5770961 6 324
0.5801413 6 325
0.5838774 6 312
0.5866835 6 320
0.5898688 6 318
0.5929598 6 319
0.5961362 6 318
0.5991615 6 321
0.6027114 6 312
0.6060649 6 309
0.6097428 7 301
0.6128216 7 305
0.6186421 7 264
0.6234828 7 250
0.6286964 7 235
0.6320366 7 246
0.6347656 7 263
0.6374972 7 279
0.6410384 7 279
0.6440408 7 289
0.6471753 7 294
0.6498615 7 307
0.6525506 7 318
0.6552819 7 327
0.6580152 7 334
0.6609573 7 335
0.6642878 7 327
0.6668827 7 337
0.6696733 7 341
0.672441 7 345
0.6751109 7 350
0.6780315 7 349
0.6807863 7 351
0.6840541 7 341
0.6867326 7 347
0.6902583 7 332
0.6931801 7 334
0.6963126 7 331
0.6992838 7 332
0.7019474 7 340
0.7052207 7 332
0.7085593 7 325
0.7115771 8 326
0.714316 8 333
0.7170536 8 339
0.7201112 8 336
0.7237119 8 323
0.7266312 8 326
0.7294712 8 331
0.7323709 8 334
0.7353508 8 334
0.7383685 8 333
0.7411252 8 339
0.7444068 8 331
0.747363 8 333
0.7508382 8 322
0.7537879 8 325
0.7568568 8 325
0.7597435 8 329
0.7627463 8 330
0.7661802 8 321
0.7693077 8 321
0.774002 8 291
0.7784095 8 275
0.7817893 8 279
0.7921858 8 202
0.7949764 8 221
0.797857 8 239
0.8006604 8 255
0.8041084 8 262
0.8070024 8 275
0.8101749 8 282
0.813021 9 294
0.8180365 9 268
0.8218059 9 267
0.8253269 9 270
0.8282225 9 283
0.8309963 9 295
0.8339966 9 302
0.8369284 9 309
0.8400072 9 312
0.8435848 9 305
0.8465519 9 311
0.8491894 9 322
0.8521037 9 326
0.8550061 9 330
0.8577771 9 335
0.8611507 9 327
0.865003 9 310
0.86795 9 316
0.8710208 9 318
0.8738124 9 325
0.8769427 9 324
0.8802786 9 318
0.8833542 9 320
0.8859848 9 330
0.8887189 9 337
0.8913986 9 343
0.8944264 9 340
0.8972877 9 342
0.9001298 9 344
0.9036865 9 329
0.9066468 9 331
0.9093998 9 337
0.9120596 9 344
0.9149189 10 345
0.9175574 10 351
0.9205511 10 347
0.9256034 10 302
0.929819 10 286
0.9324049 10 302
0.9350766 10 314
0.9378638 10 322
0.9412102 10 317
0.9447538 10 309
0.9482924 10 303
0.9516516 10 302
0.9544739 10 311
0.95735 10 318
0.9601913 10 324
0.9634331 10 321
0.9666469 10 319
0.9696128 10 322
0.9727362 10 322
0.9755695 10 327
0.9782264 10 336
0.9810218 10 340
0.9842806 10 333
0.9873239 10 332
0.9901928 10 335
0.9930117 10 339
0.9958183 10 342
0.9987707 10 341
1.001528 10 345
1.004872 10 335
1.007757 10 337
1.010499 10 342
1.013389 10 343
1.0185 11 298
1.021613 11 302
1.025283 11 296
1.028235 11 303
1.031199 11 309
1.034309 11 312
1.037191 11 318
1.039865 11 328
1.042682 11 333
1.045763 11 331
1.048687 11 333
1.051678 11 333
1.054476 11 338
1.0575 11 336
1.061247 11 319
1.064968 11 308
1.067923 11 313
1.070858 11 318
1.075533 11 290
1.080281 11 269
1.083586 11 275
1.086413 11 288
1.089077 11 302
1.091826 11 313
1.094475 11 324
1.097171 11 332
1.100083 11 334
1.105428 11 289
1.108438 11 296
1.111225 11 307
1.114477 11 307
1.117383 12 314
1.120208 12 321
1.123714 12 313
1.126811 12 315
1.129788 12 319
1.132826 12 321
1.135515 12 330
1.138406 12 333
1.141571 12 329
1.14538 12 313
1.148646 12 312
1.151636 12 316
1.155456 12 303
1.158342 12 311
1.161542 12 311
1.165079 12 305
1.168172 12 308
1.171247 12 311
1.174449 12 311
1.177452 12 315
1.180634 12 315
1.184318 12 305
1.187226 12 312
1.190258 12 315
1.193109 12 322
1.19595 12 327
1.198744 12 333
1.201675 12 334
1.205391 12 319
1.208248 12 325
1.21116 12 328
1.213963 12 333
1.219056 12 292
1.222302 13 295
1.227579 13 265
1.231912 13 258
1.234765 13 272
1.237676 13 284
1.240414 13 297
1.243823 13 296
1.246491 13 309
1.249157 13 320
1.252657 13 313
1.255507 13 319
1.258157 13 329
1.261421 13 324
1.264594 13 322
1.267435 13 328
1.270126 13 336
1.272918 13 340
1.276017 13 336
1.278785 13 341
1.28199 13 335
1.285478 13 324
1.288121 13 333
1.290783 13 341
1.293761 13 340
1.296419 13 346
1.299093 13 351
1.301869 13 353
1.305004 13 346
1.307908 13 345
1.311358 13 332
1.314679 13 326
1.317445 13 332
1.32034 13 335
1.323925 14 322
1.326805 14 326
1.329925 14 325
1.332859 14 328
1.335959 14 327
1.338693 14 334
1.34152 14 338
1.344934 14 327
1.347649 14 335
1.350524 14 337
1.353609 14 334
1.356969 14 326
1.360077 14 325
1.364114 14 306
1.367432 14 305
1.370419 14 310
1.373658 14 310
1.378523 14 281
1.38297 14 268
1.386388 14 272
1.389373 14 283
1.392491 14 290
1.395157 14 303
1.397842 14 315
1.400997 14 315
1.404281 14 313
1.407137 14 320
1.410013 14 325
1.412925 14 328
1.416069 14 326
1.420972 14 291
1.424862 15 283
1.431652 15 239
1.434386 15 257
1.437218 15 272
1.440039 15 285
1.443338 15 288
1.445894 15 304
1.448807 15 311
1.451863 15 314
1.455094 15 313
1.457954 15 320
1.461128 15 319
1.465044 15 303
1.468565 15 299
1.471567 15 305
1.474565 15 311
1.477723 15 312
1.481045 15 309
1.484679 15 302
1.487434 15 312
1.490236 15 320
1.493036 15 327
1.495863 15 332
1.498873 15 332
1.501971 15 330
1.505522 15 319
1.508682 15 318
1.511404 15 327
1.514255 15 331
1.517031 15 337
1.52028 15 330
1.524004 15 316
1.528889 16 285
1.533937 16 262
1.536891 16 274
1.539709 16 287
1.54277 16 294
1.546486 16 289
1.54994 16 289
1.553152 16 293
1.556144 16 300
1.559025 16 308
1.561794 16 318
1.565133 16 314
1.567944 16 321
1.570843 16 326
1.573779 16 328
1.576775 16 329
1.58061 16 313
1.584497 16 300
1.587627 16 303
1.590824 16 305
1.593964 16 308
1.597376 16 304
1.600573 16 306
1.60396 16 304
1.606987 16 309
1.610374 16 306
1.613269 16 313
1.616207 16 318
1.621127 16 285
1.624481 16 288
1.627848 17 290
1.630883 17 297
1.634055 17 300
1.637022 17 307
1.640347 17 305
1.64429 17 293
1.646995 17 306
1.649807 17 315
1.653035 17 314
1.655879 17 320
1.659308 17 314
1.662241 17 319
1.665936 17 308
1.668684 17 318
1.671927 17 316
1.675207 17 313
1.679751 17 289
1.684424 17 270
1.689097 17 256
1.693021 17 256
1.695759 17 272
1.698678 17 284
1.701939 17 288
1.705827 17 281
1.708668 17 293
1.711737 17 299
1.714432 17 311
1.717597 17 312
1.720559 17 317
1.723838 17 314
1.726653 17 321
1.729578 18 325
1.732461 18 329
1.735273 18 334
1.738283 18 334
1.74122 18 335
1.744874 18 320
1.747765 18 325
1.750651 18 329
1.753852 18 325
1.757421 18 315
1.760269 18 322
1.763627 18 317
1.766353 18 325
1.769448 18 325
1.772215 18 331
1.775121 18 334
1.778148 18 333
1.78112 18 334
1.784744 18 320
1.787449 18 329
1.790351 18 332
1.79351 18 329
1.79685 18 322
1.799905 18 323
1.803021 18 323
1.806543 18 314
1.809718 18 314
1.812752 18 317
1.816009 18 315
1.819217 18 314
1.824131 18 283
1.827627 18 284
1.832526 19 263
1.837075 19 253
1.840008 19 267
1.843483 19 271
1.846295 19 284
1.849087 19 296
1.851995 19 305
1.854798 19 314
1.85756 19 322
1.860616 19 323
1.86428 19 312
1.867425 19 313
1.870794 19 309
1.874119 19 307
1.8771 19 313
1.880517 19 308
1.884414 19 296
1.887446 19 302
1.890531 19 306
1.894051 19 301
1.897436 19 300
1.900573 19 304
1.903954 19 302
1.906823 19 310
1.91071 19 298
1.91381 19 302
1.916841 19 307
1.919972 19 310
1.923279 19 308
1.927266 19 294
1.930126 19 304
1.933014 20 312
1.935938 20 317
1.938739 20 324
1.941602 20 329
1.945006 20 321
1.94795 20 325
1.951005 20 325
1.953706 20 333
1.956684 20 334
1.959527 20 337
1.962335 20 340
1.965719 20 330
1.968504 20 336
1.971323 20 339
1.974335 20 338
1.977177 20 340
1.980122 20 340
1.985194 20 297
1.990089 20 272
1.99293 20 285
1.996011 20 292
1.998989 20 300
2.001682 20 312
2.005313 20 304
2.007995 20 315
2.010928 20 320
2.01364 20 329
2.016284 20 337
2.018892 20 346
2.021869 20 343
2.027246 20 294
2.030149 20 302
2.033142 21 308
2.036644 21 303
2.040169 21 299
2.043533 21 299
2.046708 21 302
2.049553 21 310
2.052819 21 309
2.055955 21 311
2.059101 21 312
2.06232 21 312
2.066424 21 295
2.069577 21 299
2.072742 21 302
2.076012 21 303
2.079125 21 306
2.082583 21 303
2.086285 21 295
2.089453 21 299
2.092441 21 306
2.09551 21 309
2.098447 21 315
2.101798 21 311
2.105528 21 302
2.108847 21 301
2.111853 21 307
2.115117 21 307
2.1179 21 316
2.121107 21 315
2.124705 21 307
2.127886 21 308
2.131086 21 309
2.136077 22 279
2.140624 22 264
2.144183 22 267
2.147425 22 275
2.157301 22 204
2.160435 22 220
2.164648 22 223
2.167979 22 235
2.170929 22 251
2.174191 22 260
2.177085 22 273
2.180219 22 281
2.183611 22 284
2.186769 22 290
2.190188 22 290
2.193361 22 295
2.196345 22 302
2.199156 22 311
2.201968 22 319
2.205217 22 317
2.207826 22 328
2.210494 22 336
2.213417 22 337
2.21618 22 342
2.219146 22 341
2.221707 22 350
2.22512 22 337
2.230013 22 298
2.232875 22 307
2.235875 23 312
2.238869 23 316
2.241766 23 321
2.245173 23 315
2.248082 23 320
2.251037 23 324
2.253712 23 333
2.256663 23 334
2.259474 23 338
2.262243 23 342
2.265645 23 331
2.268564 23 333
2.271507 23 334
2.274298 23 339
2.277573 23 331
2.280475 23 334
2.284122 23 320
2.289421 23 281
2.294241 23 262
2.296926 23 278
2.299788 23 290
2.302465 23 304
2.3057 23 305
2.308319 23 317
2.311205 23 323
2.313872 23 332
2.3166 23 338
2.319548 23 338
2.322279 23 343
2.325612 23 334
2.328448 23 337
2.331259 23 341
2.334327 23 338
2.337197 24 340
2.340093 24 341
2.343377 24 333
2.348764 24 287
2.352268 24 287
2.355059 24 298
2.357849 24 309
2.360989 24 310
2.364428 24 306
2.367477 24 310
2.370309 24 318
2.373235 24 322
2.376173 24 326
2.379425 24 322
2.382503 24 322
2.386283 24 309
2.389133 24 316
2.391778 24 327
2.394563 24 333
2.39739 24 337
2.400221 24 340
2.403941 24 323
2.407082 24 322
2.409983 24 326
2.413172 24 323
2.416286 24 323
2.419355 24 323
2.422363 24 325
2.425982 24 314
2.431446 24 274
2.434853 24 278
2.440651 25 247
2.446085 25 231
2.44901 25 247
2.452312 25 257
2.45536 25 268
2.458523 25 277
2.461716 25 283
2.465222 25 283
2.46801 25 296
2.47085 25 305
2.473796 25 312
2.476698 25 318
2.479579 25 323
2.483053 25 315
2.486468 25 310
2.489191 25 320
2.492852 25 309
2.496178 25 308
2.499082 25 314
2.501885 25 322
2.505757 25 307
2.508806 25 311
2.511868 25 314
2.515069 25 313
2.518188 25 315
2.521634 25 309
2.525405 25 299
2.528802 25 298
2.531761 25 305
2.534674 25 312
2.537888 25 312
2.54119 26 310
2.544934 26 300
2.548496 26 296
2.551741 26 298
2.554748 26 304
2.557588 26 313
2.560522 26 318
2.564001 26 311
2.56692 26 317
2.570552 26 308
2.573816 26 307
2.576669 26 315
2.579714 26 317
2.582869 26 317
2.586876 26 301
2.592293 26 267
2.597344 26 249
2.600255 26 264
2.604129 26 263
2.607183 26 273
2.611086 26 270
2.614437 26 275
2.61795 26 277
2.620984 26 286
2.624636 26 283
2.627818 26 289
2.633367 26 258
2.636442 26 269
2.639423 26 280
2.642477 27 288
2.645981 27 287
2.648937 27 296
2.652045 27 301
2.654973 27 308
2.657954 27 313
2.660889 27 318
2.664819 27 303
2.66771 27 311
2.67087 27 312
2.673987 27 313
2.677224 27 312
2.680388 27 313
2.684249 27 300
2.687359 27 304
2.690547 27 306
2.69366 27 309
2.696805 27 311
2.700179 27 307
2.703947 27 298
2.706968 27 304
2.71035 27 302
2.713292 27 309
2.717028 27 300
2.720319 27 300
2.724124 27 292
2.727159 27 299
2.730187 27 304
2.733394 27 306
2.736267 27 313
2.739347 27 315
2.745082 27 271
2.751213 28 239
2.754231 28 253
2.757459 28 263
2.76063 28 272
2.764047 28 276
2.766822 28 289
2.769797 28 297
2.772975 28 301
2.776244 28 302
2.779464 28 303
2.782291 28 312
2.785738 28 307
2.78874 28 312
2.791997 28 311
2.795008 28 315
2.798699 28 305
2.80217 28 301
2.805993 28 292
2.808916 28 301
2.811982 28 306
2.816978 28 276
2.822081 28 255
2.825627 28 260
2.830478 28 247
2.836762 28 222
2.839772 28 238
2.843079 28 248
2.84785 28 239
2.850969 29 252
2.853717 29 269
2.856656 29 280
2.859587 29 291
2.862645 29 297
2.866347 29 291
2.869671 29 293
2.872578 29 302
2.875702 29 305
2.880466 29 280
2.884057 29 279
2.887198 29 286
2.890333 29 292
2.895663 29 263
2.900742 29 246
2.904237 29 253
2.907482 29 262
2.910456 29 274
2.913338 29 286
2.916133 29 298
2.918993 29 307
2.921813 29 316
2.925236 29 310
2.92809 29 318
2.931073 29 321
2.934092 29 323
2.936876 29 329
2.939839 29 331
2.942997 29 328
2.946538 29 317
2.949583 29 320
2.952545 30 323
2.955757 30 320
2.958993 30 318
2.962145 30 318
2.965667 30 310
2.968669 30 314
2.971602 30 319
2.97468 30 320
2.977611 30 324
2.980876 30 320
2.984906 30 303
2.988255 30 302
2.991731 30 299
2.994939 30 301
2.998998 30 288
3.001954 30 297
3.005597 30 292
3.008586 30 300
3.011823 30 301
3.014599 30 311
3.017453 30 318
3.020214 30 326
3.023341 30 325
3.026341 30 326
3.029411 30 326
3.032241 30 331
3.037345 30 291
3.040159 30 302
3.043836 30 295
3.049014 30 267
3.055273 30 235
3.059632 31 234
3.063513 31 238
3.06705 31 246
3.070524 31 253
3.073891 31 261
3.077039 31 270
3.080107 31 280
3.083645 31 280
3.086589 31 290
3.089583 31 298
3.092458 31 307
3.095371 31 313
3.098222 31 320
3.101173 31 324
3.104756 31 313
3.107793 31 316
3.110954 31 316
3.113847 31 322
3.116765 31 326
3.119683 31 329
3.122549 31 333
3.126065 31 322
3.128795 31 330
3.132001 31 326
3.134786 31 332
3.13779 31 332
3.140877 31 330
3.144734 31 313
3.147734 31 317
3.150782 31 319
3.153819 31 321
3.156792 31 324
3.159623 32 329
3.162562 32 331
3.165857 32 325
3.168794 32 328
3.171524 32 335
3.174462 32 336
3.177389 32 337
3.180399 32 336
3.184056 32 321
3.186938 32 326
3.190263 32 320
3.193367 32 321
3.196327 32 324
3.201303 32 288
3.206612 32 261
3.209587 32 273
3.212478 32 285
3.215385 32 295
3.218241 32 304
3.221193 32 311
3.225021 32 299
3.228352 32 299
3.231395 32 305
3.234462 32 309
3.239715 32 274
3.242619 32 286
3.246045 32 287
3.249042 32 295
3.251968 32 303
3.254783 32 312
3.257938 32 313
3.260816 33 319
3.264359 33 311
3.267222 33 318
3.270006 33 325
3.272856 33 330
3.27586 33 331
3.278834 33 332
3.281763 33 333
3.285224 33 323
3.290759 33 279
3.294055 33 283
3.297307 33 288
3.300209 33 298
3.303864 33 292
3.306992 33 297
3.309677 33 310
3.312429 33 319
3.315452 33 321
3.318268 33 327
3.321167 33 331
3.324689 33 320
3.327662 33 323
3.330874 33 321
3.333751 33 326
3.336753 33 327
3.339775 33 328
3.342737 33 329
3.346436 33 316
3.351476 33 282
3.356261 33 263
3.359105 33 277
3.362192 34 285
3.365793 34 284
3.368743 34 293
3.371842 34 299
3.374893 34 304
3.37776 34 312
3.381124 34 309
3.384859 34 299
3.387865 34 305
3.390734 34 313
3.393756 34 316
3.396968 34 315
3.400067 34 317
3.403497 34 311
3.406504 34 315
3.40943 34 320
3.412402 34 323
3.415406 34 325
3.418216 34 331
3.421086 34 334
3.42488 34 317
3.428403 34 310
3.431552 34 311
3.434619 34 314
3.439859 34 278
3.443003 34 285
3.446639 34 283
3.450126 34 283
3.453278 34 290
3.456339 34 296
3.459346 34 303
3.462775 35 300
3.466423 35 295
3.469605 35 298
3.472533 35 306
3.475599 35 310
3.478741 35 311
3.482121 35 308
3.486428 35 289
3.489572 35 294
3.492691 35 299
3.495666 35 306
3.498756 35 309
3.50383 35 277
3.509308 35 251
3.512029 35 268
3.515003 35 279
3.518172 35 286
3.521039 35 296
3.524752 35 290
3.527707 35 299
3.530627 35 307
3.533512 35 314
3.536566 35 316
3.539781 35 315
3.54282 35 318
3.546482 35 308
3.549553 35 311
3.552544 35 315
3.555913 35 311
3.559113 35 311
3.562123 35 315
3.56561 36 309
3.568626 36 313
3.571646 36 317
3.57447 36 323
3.577455 36 326
3.580323 36 330
3.583988 36 316
3.587034 36 319
3.590472 36 313
3.593347 36 319
3.596383 36 321
3.599463 36 322
3.602285 36 328
3.605805 36 318
3.608857 36 320
3.611716 36 325
3.614897 36 323
3.617949 36 324
3.621077 36 323
3.624711 36 312
3.627978 36 311
3.631446 36 306
3.634742 36 305
3.63971 36 276
3.643329 36 276
3.646967 36 276
3.649966 36 286
3.655232 36 259
3.660182 36 245
3.663952 36 249
3.667143 37 260
3.670055 37 273
3.673247 37 280
3.675977 37 294
3.679188 37 297
3.682042 37 306
3.68593 37 295
3.688812 37 304
3.691494 37 316
3.69469 37 315
3.697781 37 317
3.700871 37 318
3.70464 37 306
3.707561 37 312
3.710837 37 311
3.713812 37 315
3.716903 37 317
3.720066 37 317
3.723747 37 306
3.727107 37 304
3.73024 37 307
3.733202 37 313
3.736041 37 320
3.739434 37 314
3.742649 37 314
3.745893 37 312
3.74878 37 319
3.751832 37 320
3.754815 37 323
3.757496 37 332
3.760592 37 330
3.764316 37 315
3.767258 38 320
3.77011 38 326
3.773546 38 318
3.776602 38 320
3.779705 38 320
3.782759 38 321
3.786835 38 302
3.789773 38 309
3.792596 38 317
3.795844 38 315
3.799114 38 313
3.802658 38 306
3.809038 38 257
3.813654 38 248
3.816866 38 258
3.819856 38 270
3.822798 38 282
3.826171 38 285
3.828869 38 298
3.831901 38 304
3.834879 38 310
3.839792 38 280
3.842694 38 291
3.846744 38 281
3.849671 38 291
3.852489 38 302
3.855139 38 315
3.857931 38 322
3.860795 38 327
3.864377 38 316
3.867543 39 316
3.870438 39 321
3.873329 39 326
3.876356 39 327
3.879473 39 325
3.882385 39 329
3.886226 39 312
3.889432 39 312
3.892421 39 316
3.895309 39 322
3.898458 39 321
3.901636 39 319
3.905106 39 313
3.907899 39 321
3.910953 39 322
3.913786 39 328
3.916778 39 329
3.919752 39 330
3.922749 39 331
3.926307 39 319
3.929111 39 326
3.931927 39 331
3.934677 39 337
3.937554 39 339
3.940488 39 339
3.944257 39 321
3.947121 39 326
3.95001 39 330
3.953076 39 329
3.958076 39 291
3.963274 39 264
3.967172 39 262
3.970212 40 273
3.973061 40 286
3.976093 40 294
3.978998 40 303
3.981953 40 309
3.985492 40 303
3.988545 40 308
3.991569 40 312
3.994388 40 320
3.99726 40 325
4.00036 40 324
4.004109 40 311
4.00699 40 317
4.009849 40 323
4.012693 40 328
4.015385 40 336
4.018439 40 334
4.021267 40 338
4.024651 40 328
4.027607 40 330
4.030598 40 331
4.033378 40 336
4.036636 40 330
4.041642 40 292
4.045256 40 288
4.048056 40 300
4.051046 40 306
4.053821 40 316
4.056657 40 322
4.059476 40 328
4.062303 40 333
4.06592 40 320
4.069123 40 318
4.072121 41 321
4.074822 41 330
4.077776 41 331
4.080539 41 337
4.084564 41 314
4.08776 41 314
4.090959 41 314
4.093872 41 319
4.096901 41 321
4.10006 41 320
4.103851 41 307
4.108788 41 278
4.113464 41 262
4.116325 41 276
4.119085 41 290
4.12177 41 303
4.125196 41 301
4.128 41 310
4.131099 41 313
4.133863 41 321
4.136662 41 328
4.139374 41 335
4.142208 41 338
4.145718 41 326
4.148549 41 331
4.151358 41 336
4.154307 41 336
4.157168 41 339
4.160031 41 341
4.163357 41 332
4.166167 41 336
4.169018 41 339
4.171772 41 343
4.17482 42 340
4.177829 42 338
4.180661 42 341
4.184134 42 329
4.187215 42 328
4.190076 42 332
4.193139 42 331
4.196467 42 324
4.199653 42 322
4.202574 42 326
4.205965 42 319
4.208835 42 324
4.211806 42 327
4.214712 42 330
4.22051 42 279
4.224719 42 269
4.228134 42 274
4.231278 42 281
4.2341 42 293
4.236968 42 303
4.242204 42 271
4.245901 42 271
4.249026 42 279
4.251835 42 292
4.255284 42 291
4.260075 42 270
4.265777 42 243
4.268908 42 256
4.27185 42 269
4.274911 43 279
4.277743 43 291
4.280565 43 302
4.28387 43 302
4.286897 43 307
4.290079 43 308
4.293087 43 313
4.296249 43 313
4.29911 43 320
4.302158 43 321
4.305631 43 314
4.308492 43 320
4.311381 43 325
4.314233 43 330
4.3171 43 333
4.320036 43 335
4.323461 43 325
4.326458 43 327
4.329512 43 327
4.332438 43 330
4.335309 43 333
4.338116 43 337
4.34094 43 340
4.344287 43 331
4.347098 43 336
4.349974 43 338
4.353064 43 335
4.355877 43 339
4.358779 43 340
4.361959 43 334
4.365308 43 326
4.368376 43 326
4.371553 43 324
4.374674 43 323
4.377659 44 325
4.381004 44 319
4.384736 44 308
4.387477 44 317
4.390346 44 323
4.393116 44 330
4.395801 44 338
4.39882 44 336
4.402084 44 330
4.405936 44 313
4.411128 44 278
4.416173 44 257
4.419092 44 270
4.421885 44 284
4.425202 44 287
4.427971 44 300
4.43088 44 307
4.434025 44 309
4.436863 44 317
4.439748 44 322
4.445136 44 281
4.449499 44 269
4.452482 44 280
4.455184 44 294
4.457981 44 305
4.461014 44 309
4.464543 44 304
4.46755 44 309
4.470403 44 316
4.473629 44 315
4.476757 44 316
4.480014 45 314
4.483867 45 301
4.487009 45 304
4.490328 45 304
4.493623 45 303
4.496541 45 311
4.499403 45 318
4.502361 45 321
4.506334 45 304
4.5092 45 312
4.512011 45 320
4.51512 45 320
4.51801 45 325
4.521126 45 324
4.524614 45 316
4.527642 45 318
4.530698 45 320
4.53346 45 328
4.536289 45 332
4.539138 45 336
4.541944 45 340
4.545788 45 320
4.548765 45 323
4.551989 45 320
4.555176 45 319
4.558155 45 322
4.56324 45 285
4.568179 45 264
4.571074 45 277
4.573942 45 289
4.576793 45 299
4.579902 46 303
4.582829 46 310
4.586831 46 296
4.590131 46 297
4.593177 46 303
4.596078 46 310
4.598954 46 317
4.601788 46 323
4.605469 46 311
4.60831 46 319
4.611421 46 319
4.614216 46 326
4.61714 46 329
4.620054 46 332
4.623827 46 316
4.627116 46 313
4.629925 46 321
4.632726 46 327
4.635586 46 332
4.638268 46 339
4.641146 46 341
4.647082 46 283
4.650053 46 292
4.65346 46 292
4.656472 46 299
4.659451 46 306
4.662537 46 309
4.666508 46 296
4.669533 46 302
4.672594 46 306
4.675352 46 316
4.678405 46 318
4.681549 47 318
4.685609 47 300
4.688396 47 310
4.691228 47 318
4.694092 47 324
4.697232 47 323
4.700636 47 316
4.704327 47 306
4.707173 47 314
4.710371 47 314
4.715415 47 281
4.720358 47 260
4.723835 47 265
4.726724 47 278
4.729981 47 283
4.733031 47 291
4.736461 47 291
4.739392 47 300
4.743987 47 279
4.749665 47 249
4.7542 47 243
4.759829 47 226
4.76356 47 233
4.768093 47 231
4.772124 47 234
4.776015 47 238
4.779932 47 241
4.784067 48 241
4.792278 48 201
4.796124 48 211
4.799057 48 228
4.803614 48 226
4.807486 48 232
4.812414 48 225
4.815697 48 238
4.81892 48 249
4.822845 48 250
4.826491 48 255
4.829646 48 265
4.832546 48 278
4.835807 48 283
4.8392 48 285
4.842363 48 291
4.848732 48 248
4.853983 48 234
4.858158 48 235
4.862298 48 236
4.870086 48 202
4.876367 48 192
4.879328 48 210
4.882311 48 227
4.89361 49 172
4.8967 49 190
4.899698 49 208
4.902876 49 223
4.907391 49 223
4.910263 49 240
4.913148 49 256
4.916173 49 268
4.919189 49 278
4.922278 49 286
4.925968 49 283
4.928986 49 291
4.932089 49 297
4.934872 49 308
4.937853 49 313
4.940948 49 315
4.94451 49 307
4.9478 49 306
4.951453 49 299
4.955195 49 292
4.958374 49 296
4.961334 49 304
4.964585 49 304
4.96723 49 317
4.969958 49 325
4.973043 49 325
4.976164 49 324
4.979323 49 322
4.982474 49 321
4.986125 50 310
4.989065 50 316
4.992033 50 320
4.994862 50 326
4.99767 50 331
5.000678 50 332
5.005354 50 298
5.009281 50 288
5.013506 50 276
5.019533 50 244
5.02476 50 231
5.028212 50 241
5.031152 50 255
5.033973 50 271
5.036747 50 285
5.039624 50 295
5.042592 50 303
5.048437 50 262
5.051238 50 277
5.054389 50 284
5.057191 50 296
5.060057 50 305
5.063465 50 303
5.066295 50 312
5.069154 50 318
5.071951 50 325
5.074929 50 327
5.077866 50 330
5.080719 50 334
5.084778 50 311
5.088173 50 308
5.091409 50 308
5.094675 50 307
5.097612 50 313
5.100715 50 315
5.104225 50 308
5.107234 50 313
5.110354 50 314
5.113331 50 318
5.116175 50 324
5.119137 50 327
5.122001 50 331
5.125453 50 322
5.128412 50 325
5.131608 50 322
5.134364 50 329
5.13736 50 330
5.140221 50 334
5.143608 50 325
5.146537 50 328
5.149525 50 329
5.152369 50 334
5.155104 50 339
5.158245 50 335
5.161344 50 332
5.165058 50 317
5.167892 50 324
5.170672 50 330
5.173439 50 336
5.176275 50 339
5.178948 50 345
5.181709 50 349
5.185148 50 335
5.190359 50 291
5.193398 50 298
5.196537 50 302
5.199543 50 308
5.202732 50 309
5.206373 50 301
5.209684 50 301
5.212816 50 305
5.215732 50 311
5.218626 50 318
5.221528 50 323
5.224958 50 316
5.228047 50 317
5.231228 50 317
5.234162 50 321
5.237112 50 324
5.240006 50 328
5.243406 50 321
5.248625 50 282
5.251494 50 294
5.254918 50 293
5.257851 50 302
5.260936 50 306
5.264447 50 301
5.267122 50 313
5.270348 50 313
5.273732 50 309
5.276666 50 315
5.279665 50 318
5.28281 50 318
5.286803 50 302
5.289771 50 308
5.292825 50 312
5.295743 50 317
5.298889 50 317
5.30176 50 323
5.305445 50 311
5.308283 50 318
5.311312 50 321
5.314665 50 316
5.318034 50 312
5.321052 50 315
5.324692 50 306
5.327766 50 310
5.33058 50 318
5.333536 50 322
5.336456 50 325
5.339318 50 330
5.342407 50 329
5.34577 50 322
5.348873 50 322
5.351803 50 325
5.354847 50 326
5.357809 50 328
5.361053 50 324
5.364631 50 314
5.367514 50 320
5.370245 50 328
5.37334 50 327
5.376039 50 335
5.378816 50 339
5.381879 50 337
5.385234 50 328
5.387941 50 335
5.391184 50 330
5.394762 50 318
5.397861 50 319
5.400814 50 323
5.404082 50 319
5.406942 50 325
5.409871 50 328
5.413563 50 314
5.416428 50 321
5.419523 50 321
5.422467 50 325
5.425821 50 319
5.428862 50 321
5.432025 50 320
5.43502 50 322
5.438006 50 325
5.440994 50 326
5.444913 50 309
5.450245 50 273
5.453122 50 286
5.456069 50 295
5.459122 50 301
5.462123 50 307
5.465798 50 299
5.469052 50 300
5.47183 50 311
5.47469 50 318
5.47774 50 320
5.480677 50 323
5.48405 50 318
5.489969 50 270
5.498746 50 212
5.503276 50 213
5.510936 50 189
5.514875 50 199
5.52145 50 187
5.527036 50 186
5.531738 50 190
5.536041 50 197
5.540053 50 206
5.545455 50 201
5.549655 50 208
5.553658 50 215
5.557284 50 225
5.561398 50 228
5.571332 50 182
5.575383 50 192
5.585962 50 159
5.596794 50 139
5.600851 50 152
5.605524 50 161
5.609254 50 175
5.613714 50 183
5.619868 50 178
5.626845 50 170
5.631392 50 178
5.635623 50 187
5.642405 50 177
5.646778 50 186
5.653379 50 178
5.657133 50 190
5.660672 50 203
5.664879 50 209
5.668489 50 220
5.673086 50 219
5.676537 50 231
5.680394 50 236
5.684753 50 234
5.687699 50 250
5.691367 50 254
5.694802 50 261
5.698932 50 257
5.703333 50 250
5.70921 50 228
5.712943 50 235
5.716529 50 243
5.722937 50 218
5.728239 50 212
5.731925 50 221
5.73566 50 229
5.739525 50 234
5.742667 50 247
5.747856 50 234
5.750872 50 249
5.753949 50 261
5.757627 50 263
5.760528 50 276
5.763974 50 279
5.767003 50 287
5.770397 50 289
5.778823 50 224
5.781733 50 241
5.785148 50 250
5.788091 50 264
5.791502 50 269
5.794858 50 274
5.798551 50 273
5.801911 50 278
5.808702 50 236
5.813066 50 234
5.81742 50 233
5.820908 50 242
5.827274 50 218
5.831776 50 219
5.835701 50 225
5.839849 50 228
5.84401 50 230
5.849204 50 222
5.855849 50 202
5.858971 50 218
5.86261 50 228
5.867362 50 224
5.870433 50 239
5.873435 50 253
5.876297 50 268
5.879111 50 282
5.882924 50 277
5.886734 50 274
5.889554 50 287
5.892344 50 299
5.895069 50 310
5.898479 50 307
5.901483 50 312
5.905287 50 300
5.908351 50 305
5.911519 50 307
5.915911 50 287
5.919 50 293
5.92208 50 299
5.925679 50 295
5.92855 50 304
5.931415 50 312
5.934328 50 318
5.937356 50 320
5.94009 50 328
5.943943 50 311
5.947086 50 313
5.950238 50 314
5.953305 50 316
5.95638 50 318
5.959748 50 313
5.962839 50 315
5.96625 50 310
5.969296 50 314
5.972236 50 319
5.975214 50 322
5.978192 50 324
5.981047 50 329
5.984549 50 319
5.987473 50 323
5.990626 50 322
5.993372 50 330
5.996238 50 333
5.999067 50 337
6.001973 50 338
6.005597 50 324
6.008244 50 333
6.011289 50 332
6.014086 50 337
6.016793 50 343
6.019785 50 341
6.022748 50 340
6.026211 50 328
6.029002 50 334
6.031938 50 335
6.034732 50 339
6.038474 50 322
6.041358 50 326
6.04494 50 316
6.047756 50 323
6.050756 50 325
6.055737 50 289
6.058565 50 300
6.061628 50 305
6.065293 50 298
6.068232 50 305
6.071137 50 312
6.074242 50 314
6.076949 50 324
6.079811 50 328
6.08253 50 335
6.085887 50 327
6.088707 50 332
6.091501 50 337
6.09459 50 334
6.097668 50 332
6.101086 50 323
6.104795 50 311
6.10763 50 318
6.110755 50 318
6.11367 50 323
6.116715 50 324
6.119727 50 325
6.122706 50 327
6.126227 50 318
6.129329 50 318
6.132259 50 323
6.135229 50 325
6.137887 50 334
6.14078 50 336
6.144169 50 327
6.147376 50 324
6.150224 50 329
6.153146 50 331
6.155982 50 335
6.159113 50 332
6.162076 50 333
6.165731 50 319
6.168571 50 325
6.171267 50 333
6.173994 50 339
6.176844 50 341
6.179702 50 343
6.183107 50 332
6.18646 50 324
6.189594 50 323
6.192384 50 330
6.195249 50 333
6.198133 50 336
6.201173 50 334
6.204714 50 322
6.207665 50 325
6.210501 50 330
6.21333 50 335
6.216121 50 339
6.21893 50 342
6.221799 50 343
6.22564 50 323
6.228717 50 323
6.231599 50 327
6.234455 50 332
6.237307 50 335
6.240372 50 333
6.250651 50 224
6.253474 50 242
6.258836 50 228
6.261692 50 245
6.268791 50 213
6.271935 50 228
6.275101 50 242
6.278129 50 255
6.281374 50 264
6.284866 50 268
6.287916 50 278
6.290933 50 288
6.29386 50 297
6.296618 50 308
6.299548 50 314
6.302318 50 322
6.306016 50 310
6.309128 50 312
6.312005 50 319
6.314902 50 324
6.317826 50 327
6.320993 50 325
6.32419 50 322
6.326986 50 329
6.330003 50 329
6.333096 50 328
6.33606 50 330
6.338877 50 334
6.341603 50 340
6.344987 50 330
6.347736 50 336
6.350785 50 334
6.353802 50 334
6.35683 50 333
6.359759 50 334
6.362492 50 340
6.366247 50 322
6.369635 50 316
6.372604 50 320
6.375796 50 319
6.378696 50 323
6.381863 50 322
6.385448 50 312
6.388267 50 320
6.390973 50 328
6.393699 50 335
6.396549 50 338
6.399261 50 344
6.402328 50 340
6.405743 50 329
6.408669 50 332
6.411461 50 337
6.414332 50 339
6.417195 50 341
6.420064 50 342
6.423731 50 325
6.427156 50 318
6.430295 50 318
6.433079 50 325
6.436249 50 323
6.439326 50 324
6.442724 50 317
6.446221 50 310
6.449144 50 316
6.452038 50 321
6.454912 50 326
6.459833 50 291
6.462851 50 298
6.466729 50 289
6.469562 50 300
6.472376 50 309
6.475549 50 310
6.478456 50 316
6.481256 50 324
6.484472 50 321
6.487284 50 327
6.490443 50 325
6.493508 50 325
6.49646 50 328
6.499237 50 334
6.502234 50 334
6.505711 50 323
6.508623 50 327
6.511413 50 333
6.514289 50 335
6.517015 50 341
6.519953 50 341
6.522975 50 339
6.526401 50 328
6.530086 50 315
6.532923 50 322
6.535968 50 323
6.538697 50 331
6.541423 50 337
6.545015 50 323
6.548595 50 313
6.551789 50 313
6.554364 50 326
6.557082 50 333
6.560051 50 334
6.563414 50 326
6.566002 50 336
6.56868 50 343
6.571277 50 351
6.573977 50 354
6.577098 50 347
6.580011 50 346
6.583637 50 329
6.586505 50 333
6.589583 50 331
6.592426 50 335
6.59519 50 340
6.598554 50 330
6.601642 50 329
6.604835 50 326
6.607502 50 334
6.610285 50 339
6.612854 50 348
6.615711 50 348
6.618707 50 345
6.621628 50 344
6.625216 50 329
6.62819 50 330
6.631216 50 330
6.634183 50 331
6.636946 50 337
6.639762 50 340
6.642572 50 343
6.646112 50 329
6.648826 50 336
6.651612 50 340
6.654338 50 345
6.657238 50 345
6.662584 50 295
6.665888 50 296
6.669376 50 294
6.672046 50 307
6.67479 50 317
6.677681 50 323
6.680496 50 328
6.68421 50 315
6.687109 50 320
6.690395 50 317
6.693495 50 318
6.696815 50 314
6.699943 50 315
6.702731 50 323
6.706649 50 307
6.709528 50 314
6.712305 50 322
6.715199 50 326
6.718218 50 327
6.721474 50 323
6.725155 50 311
6.727971 50 319
6.730757 50 326
6.733463 50 334
6.736372 50 336
6.739132 50 341
6.741974 50 343
6.745338 50 332
6.748006 50 340
6.751116 50 336
6.753915 50 340
6.756935 50 338
6.759644 50 344
6.762464 50 346
6.766002 50 331
6.768725 50 337
6.771465 50 343
6.774126 50 349
6.776888 50 351
6.780236 50 339
6.783753 50 326
6.786738 50 328
6.789602 50 332
6.792411 50 336
6.795209 50 340
6.798082 50 342
6.801239 50 336
6.804713 50 325
6.807575 50 330
6.810493 50 332
6.813307 50 336
6.816255 50 337
6.819216 50 337
6.822344 50 333
6.825889 50 321
6.828797 50 326
6.831854 50 326
6.834668 50 331
6.837728 50 330
6.840704 50 331
6.844501 50 315
6.847266 50 323
6.850278 50 325
6.853112 50 330
6.855824 50 337
6.859019 50 332
6.863953 50 294
6.867605 50 290
6.87041 50 301
6.873241 50 310
6.875988 50 319
6.878858 50 325
6.882021 50 323
6.885311 50 319
6.888196 50 324
6.890974 50 330
6.893872 50 333
6.896625 50 339
6.899493 50 341
6.90242 50 341
6.906159 50 323
6.908989 50 328
6.911817 50 333
6.914548 50 339
6.917369 50 342
6.920225 50 344
6.923698 50 331
6.92653 50 335
6.929382 50 338
6.932323 50 338
6.935062 50 343
6.938086 50 340
6.94105 50 340
6.944869 50 320
6.948055 50 319
6.951066 50 321
6.953923 50 327
6.956972 50 327
6.960025 50 327
6.963386 50 320
6.966139 50 328
6.968819 50 336
6.971684 50 339
6.974611 50 339
6.977449 50 342
6.980204 50 346
6.983976 50 326
6.986947 50 328
6.989989 50 328
6.993264 50 323
6.99643 50 321
6.999453 50 323
7.002415 50 326
7.006056 50 314
7.009007 50 319
7.011959 50 322
7.01477 50 328
7.01758 50 333
7.020509 50 335
7.024204 50 320
7.027181 50 323
7.029976 50 329
7.032796 50 334
7.035763 50 334
7.038918 50 331
7.042077 50 328
7.045617 50 317
7.048355 50 326
7.051202 50 330
7.053998 50 335
7.05688 50 338
7.059664 50 342
7.06449 50 302
7.067822 50 302
7.07106 50 303
7.073966 50 310
7.076748 50 319
7.080151 50 313
7.083649 50 307
7.086674 50 312
7.089515 50 319
7.092381 50 324
7.095023 50 334
7.097822 50 338
7.10077 50 338
7.104074 50 330
7.106877 50 335
7.109676 50 339
7.112444 50 343
7.115402 50 342
7.118454 50 339
7.121675 50 333
7.125203 50 322
7.12827 50 322
7.131492 50 320
7.134504 50 322
7.137186 50 331
7.140154 50 332
7.143692 50 321
7.146504 50 327
7.149347 50 332
7.152191 50 335
7.154981 50 340
7.157805 50 342
7.160552 50 346
7.164083 50 331
7.166847 50 337
7.16962 50 341
7.172334 50 346
7.175341 50 343
7.178032 50 349
7.181 50 346
7.184728 50 327
7.187702 50 329
7.190837 50 327
7.193835 50 328
7.196929 50 327
7.200332 50 320
7.20391 50 311
7.206921 50 315
7.210065 50 315
7.213046 50 319
7.216212 50 318
7.219229 50 321
7.221995 50 328
7.226167 50 305
7.231557 50 270
7.234418 50 283
7.237521 50 290
7.240421 50 299
7.244018 50 295
7.247025 50 302
7.249908 50 310
7.253199 50 308
7.256648 50 304
7.259806 50 307
7.264789 50 277
7.268845 50 270
7.272319 50 274
7.275708 50 278
7.278605 50 289
7.281788 50 293
7.285582 50 287
7.28849 50 297
7.291357 50 306
7.294198 50 314
7.297106 50 319
7.300203 50 320
7.303707 50 312
7.306657 50 317
7.309547 50 322
7.312453 50 326
7.315331 50 330
7.318429 50 329
7.321712 50 323
7.325269 50 314
7.328234 50 318
7.331029 50 325
7.333691 50 334
7.336558 50 337
7.339764 50 332
7.34246 50 339
7.345715 50 332
7.34884 50 329
7.351808 50 331
7.354572 50 336
7.357451 50 338
7.360276 50 341
7.363562 50 333
7.366838 50 327
7.36971 50 331
7.372497 50 336
7.375315 50 340
7.378148 50 342
7.381121 50 341
7.38448 50 331
7.387609 50 329
7.390517 50 331
7.393431 50 334
7.396246 50 338
7.399184 50 338
7.40225 50 336
7.405754 50 324
7.408698 50 327
7.411646 50 329
7.414763 50 327
7.417665 50 331
7.420639 50 332
7.424005 50 324
7.427113 50 323
7.429995 50 328
7.432842 50 332
7.435806 50 333
7.439061 50 327
7.442334 50 323
7.446646 50 299
7.449826 50 302
7.452756 50 309
7.455659 50 315
7.458822 50 315
7.461841 50 318
7.467247 50 278
7.470021 50 291
7.472994 50 299
7.476145 50 303
7.478881 50 313
7.481735 50 320
7.484949 50 318
7.4878 50 324
7.490807 50 326
7.49391 50 325
7.497069 50 323
7.499996 50 327
7.502809 50 332
7.506895 50 310
7.509799 50 316
7.513036 50 314
7.515972 50 319
7.518866 50 324
7.521746 50 328
7.525043 50 323
7.527864 50 329
7.531228 50 322
7.534452 50 319
7.537633 50 318
7.540498 50 324
7.544109 50 313
7.546871 50 322
7.549872 50 324
7.552742 50 328
7.555597 50 332
7.558364 50 338
7.561058 50 344
7.564539 50 331
7.567563 50 331
7.570703 50 328
7.573728 50 328
7.576626 50 332
7.579593 50 333
7.582622 50 332
7.58626 50 319
7.589533 50 316
7.592379 50 322
7.595085 50 331
7.597711 50 339
7.600736 50 338
7.610454 50 232
7.613208 50 250
7.61608 50 265
7.618998 50 277
7.621915 50 288
7.625182 50 291
7.628059 50 301
7.630748 50 313
7.633774 50 316
7.63654 50 324
7.639362 50 330
7.642112 50 336
7.645379 50 329
7.648295 50 332
7.651437 50 329
7.654456 50 329
7.657529 50 328
7.660627 50 327
7.664414 50 312
7.669197 50 284
7.672113 50 294
7.675171 50 300
7.677956 50 310
7.680911 50 315
7.684304 50 311
7.687373 50 314
7.69022 50 320
7.69306 50 326
7.695984 50 329
7.698879 50 332
7.701889 50 332
7.705227 50 325
7.708109 50 329
7.711114 50 330
7.714216 50 328
7.716986 50 334
7.719704 50 340
7.722533 50 343
7.726087 50 328
7.728959 50 332
7.731658 50 339
7.734571 50 340
7.737724 50 335
7.741331 50 321
7.744704 50 316
7.747633 50 321
7.750707 50 321
7.753464 50 329
7.756229 50 335
7.759091 50 338
7.762192 50 334
7.7656 50 325
7.768391 50 331
7.771215 50 335
7.77407 50 338
7.776845 50 342
7.779746 50 343
7.782814 50 339
7.786213 50 329
7.78896 50 335
7.791728 50 340
7.794403 50 346
7.797112 50 351
7.799895 50 352
7.802521 50 357
7.805798 50 345
7.808473 50 351
7.811279 50 352
7.813954 50 356
7.816611 50 360
7.819327 50 361
7.822021 50 363
7.825883 50 336
7.828777 50 338
7.831771 50 337
7.834859 50 334
7.8378 50 335
7.841013 50 330
7.84468 50 317
7.847844 50 316
7.851341 50 310
7.854146 50 318
7.856991 50 324
7.85974 50 331
7.862427 50 339
7.865675 50 332
7.870395 50 298
7.873301 50 306
7.876001 50 317
7.878817 50 324
7.881742 50 327
7.88498 50 323
7.887609 50 333
7.890372 50 338
7.893118 50 343
7.895997 50 344
7.898772 50 347
7.901752 50 345
7.905549 50 324
7.908442 50 328
7.911472 50 329
7.914229 50 335
7.917056 50 338
7.919956 50 340
7.9227 50 344
7.92619 50 331
7.928942 50 337
7.931847 50 338
7.934608 50 343
7.937388 50 346
7.940176 50 348
7.943424 50 339
7.946232 50 342
7.9491 50 343
7.952375 50 335
7.955066 50 342
7.957894 50 344
7.960767 50 345
7.964514 50 325
7.967487 50 328
7.97056 50 327
7.973733 50 324
7.976795 50 325
7.979687 50 329
7.982468 50 334
7.985818 50 326
7.988697 50 330
7.991564 50 334
7.994446 50 336
7.997345 50 338
8.000724 50 328
8.004113 50 321
8.007245 50 321
8.011137 50 305
8.014104 50 311
8.01894 50 282
8.023182 50 272
8.028753 50 246
8.035029 50 222
8.038641 50 231
8.042932 50 231
8.047345 50 230
8.050979 50 238
8.056987 50 219
8.060652 50 228
8.065023 50 228
8.068724 50 235
8.074758 50 217
8.079106 50 219
8.082481 50 231
8.086765 50 232
8.090928 50 233
8.0949 50 237
8.099649 50 231
8.103324 50 238
8.107348 50 240
8.110866 50 248
8.114761 50 249
8.117498 50 266
8.121095 50 268
8.125422 50 260
8.128449 50 271
8.131385 50 283
8.134872 50 283
8.137669 50 296
8.14071 50 302
8.144474 50 294
8.147865 50 294
8.150726 50 303
8.153769 50 308
8.156682 50 314
8.159822 50 315
8.162885 50 317
8.166222 50 313
8.169372 50 314
8.172517 50 315
8.175483 50 319
8.180058 50 292
8.183805 50 286
8.186826 50 294
8.189709 50 303
8.192614 50 311
8.19564 50 314
8.198453 50 322
8.201447 50 324
8.204863 50 317
8.207865 50 320
8.210683 50 326
8.213836 50 324
8.216645 50 330
8.219621 50 331
8.222542 50 333
8.226176 50 320
8.229008 50 326
8.23209 50 325
8.234945 50 330
8.237783 50 334
8.240662 50 337
8.24684 50 277
8.24996 50 284
8.2529 50 294
8.256648 50 288
8.259991 50 290
8.262937 50 299
8.26635 50 297
8.269216 50 306
8.274162 50 278
8.277431 50 283
8.280362 50 293
8.283875 50 291
8.28692 50 298
8.290058 50 302
8.293353 50 302
8.296349 50 308
8.29951 50 309
8.302752 50 309
8.306628 50 297
8.309837 50 300
8.313099 50 301
8.316239 50 304
8.319418 50 306
8.322599 50 308
8.326617 50 294
8.329471 50 303
8.332765 50 303
8.336004 50 304
8.3394 50 302
8.342678 50 303
8.346214 50 298
8.349157 50 306
8.352187 50 310
8.355063 50 317
8.357915 50 323
8.361127 50 321
8.366449 50 281
8.373214 50 238
8.377795 50 233
8.381397 50 241
8.385794 50 238
8.389719 50 241
8.393753 50 242
8.397639 50 245
8.401276 50 250
8.405429 50 248
8.408578 50 260
8.41259 50 257
8.417077 50 250
8.421035 50 250
8.425106 50 249
8.429174 50 248
8.432959 50 251
8.437246 50 247
8.441525 50 244
8.4463 50 236
8.450197 50 240
8.453128 50 255
8.457265 50 252
8.460868 50 257
8.464518 50 260
8.468981 50 252
8.475413 50 224
8.481411 50 209
8.489577 50 183
8.493361 50 195
8.497526 50 203
8.501314 50 212
8.505901 50 213
8.509359 50 225
8.512874 50 235
8.516441 50 243
8.520913 50 239
8.524858 50 241
8.529195 50 239
8.533382 50 239
8.536833 50 247
8.540968 50 246
8.545685 50 238
8.549302 50 245
8.553283 50 246
8.556699 50 254
8.561005 50 249
8.565173 50 247
8.573502 50 204
8.577524 50 211
8.583543 50 200
8.58991 50 190
8.593735 50 201
8.598135 50 205
8.603341 50 202
8.607753 50 207
8.613771 50 197
8.619086 50 195
8.624955 50 189
8.629488 50 195
8.633299 50 205
8.637218 50 214
8.642029 50 212
8.648222 50 200
8.654833 50 187
8.659469 50 192
8.66334 50 203
8.667987 50 205
8.671574 50 216
8.676151 50 217
8.685027 50 183
8.689896 50 187
8.693787 50 198
8.69808 50 204
8.702293 50 210
8.706851 50 211
8.711504 50 212
8.715124 50 222
8.719261 50 226
8.723112 50 232
8.727624 50 230
8.731612 50 233
8.739999 50 196
8.744232 50 203
8.749132 50 203
8.753147 50 211
8.757122 50 218
8.761029 50 224
8.765461 50 224
8.76968 50 227
8.773896 50 229
8.77795 50 232
8.781752 50 237
8.78714 50 225
8.791098 50 230
8.79533 50 231
8.799726 50 230
8.803822 50 233
8.809504 50 218
8.813562 50 223
8.818344 50 220
8.822089 50 228
8.827141 50 221
8.830853 50 229
8.83513 50 230
8.838797 50 238
8.843134 50 236
8.847641 50 233
8.851521 50 237
8.855311 50 242
8.858886 50 249
8.862894 50 249
8.867039 50 247
8.870973 50 248
8.874702 50 252
8.878699 50 252
8.885144 50 224
8.889569 50 224
8.892805 50 237
8.896573 50 242
8.900606 50 243
8.904069 50 251
8.908702 50 243
8.913866 50 231
8.917228 50 242
8.92092 50 247
8.925097 50 245
8.928887 50 249
8.932591 50 253
8.935401 50 268
8.93904 50 269
8.942474 50 273
8.946205 50 272
8.950294 50 266
8.953145 50 279
8.956014 50 291
8.958826 50 302
8.962906 50 288
8.966645 50 284
8.971113 50 269
8.974511 50 274
8.980312 50 245
8.984157 50 248
8.987089 50 262
8.989932 50 276
8.993549 50 276
8.996844 50 281
8.999624 50 294
9.002662 50 300
9.007622 50 273
9.01055 50 285
9.013322 50 297
9.016335 50 303
9.019361 50 308
9.02241 50 312
9.02588 50 307
9.028737 50 314
9.031908 50 315
9.034781 50 321
9.037674 50 325
9.040583 50 329
9.043889 50 323
9.046773 50 327
9.049708 50 330
9.052687 50 331
9.055579 50 334
9.058505 50 335
9.061551 50 334
9.065056 50 323
9.067899 50 328
9.070809 50 331
9.073864 50 330
9.076759 50 333
9.079625 50 336
9.08491 50 291
9.088379 50 290
9.091366 50 298
9.094715 50 298
9.098046 50 298
9.101431 50 298
9.105367 50 288
9.108489 50 294
9.114855 50 250
9.118066 50 260
9.121146 50 271
9.124688 50 273
9.128217 50 275
9.130948 50 289
9.133785 50 300
9.136661 50 308
9.13962 50 314
9.142428 50 321
9.147223 50 290
9.149882 50 304
9.153193 50 303
9.156082 50 311
9.160126 50 296
9.165916 50 259
9.169159 50 267
9.172246 50 277
9.176356 50 269
9.179357 50 280
9.182179 50 292
9.187068 50 269
9.190001 50 281
9.192847 50 292
9.195464 50 307
9.198318 50 315
9.201204 50 320
9.204764 50 311
9.208726 50 297
9.211977 50 299
9.214783 50 309
9.217727 50 315
9.220708 50 319
9.224066 50 314
9.226929 50 320
9.229759 50 326
9.232925 50 324
9.236068 50 323
9.239455 50 317
9.242109 50 327
9.245464 50 321
9.248113 50 331
9.251421 50 324
9.254457 50 325
9.257365 50 329
9.260202 50 333
9.26358 50 325
9.266471 50 329
9.269381 50 332
9.272215 50 336
9.275133 50 337
9.277932 50 341
9.281153 50 334
9.286744 50 284
9.289757 50 293
9.292664 50 302
9.295385 50 313
9.298295 50 318
9.301123 50 325
9.30479 50 313
9.307839 50 316
9.310691 50 322
9.313537 50 327
9.316374 50 332
9.319414 50 331
9.322256 50 335
9.32552 50 329
9.328379 50 333
9.331236 50 336
9.334037 50 340
9.337018 50 339
9.340552 50 326
9.344554 50 307
9.347677 50 309
9.350633 50 315
9.353441 50 322
9.356236 50 329
9.359012 50 334
9.361914 50 336
9.365172 50 330
9.367865 50 337
9.370659 50 341
9.373563 50 342
9.376527 50 341
9.382505 50 282
9.386484 50 275
9.389366 50 287
9.392539 50 292
9.395478 50 301
9.398422 50 308
9.401707 50 307
9.405275 50 301
9.408462 50 303
9.411321 50 312
9.414075 50 321
9.416811 50 329
9.419823 50 329
9.422754 50 331
9.426172 50 323
9.42892 50 330
9.432542 50 318
9.435436 50 323
9.438443 50 325
9.441245 50 330
9.444619 50 323
9.447456 50 328
9.450213 50 335
9.453023 50 339
9.45614 50 335
9.459002 50 337
9.461879 50 339
9.465253 50 330
9.46809 50 334
9.47149 50 325
9.474626 50 324
9.477225 50 334
9.480109 50 337
9.483762 50 322
9.489819 50 270
9.492978 50 278
9.495932 50 288
9.498974 50 296
9.502167 50 299
9.505825 50 293
9.508755 50 302
9.511415 50 314
9.514207 50 322
9.517034 50 328
9.519801 50 334
9.522655 50 337
9.526065 50 327
9.528983 50 330
9.531988 50 330
9.534772 50 336
9.537623 50 339
9.540786 50 334
9.544469 50 319
9.547314 50 325
9.550182 50 329
9.552979 50 334
9.555714 50 340
9.558682 50 339
9.561488 50 343
9.564996 50 329
9.567699 50 336
9.570991 50 329
9.573759 50 335
9.576861 50 332
9.57988 50 332
9.582716 50 336
9.586153 50 326
9.589047 50 329
9.591873 50 334
9.594774 50 336
9.597944 50 332
9.600849 50 334
9.604385 50 322
9.607264 50 327
9.610331 50 327
9.613339 50 328
9.616218 50 331
9.619103 50 334
9.621808 50 341
9.625142 50 332
9.628314 50 328
9.631371 50 328
9.634231 50 332
9.637071 50 336
9.640013 50 336
9.643408 50 327
9.646572 50 325
9.649544 50 327
9.652797 50 323
9.655697 50 327
9.658582 50 330
9.661417 50 335
9.664625 50 330
9.667423 50 335
9.670341 50 336
9.673156 50 340
9.676114 50 339
9.679008 50 340
9.681736 50 345
9.685081 50 335
9.690387 50 290
9.693634 50 293
9.696663 50 300
9.70003 50 299
9.704064 50 287
9.707304 50 291
9.710403 50 297
9.713499 50 302
9.716352 50 310
9.719524 50 311
9.722855 50 309
9.72658 50 300
9.72992 50 299
9.732925 50 306
9.736044 50 308
9.73929 50 308
9.74225 50 314
9.746016 50 303
9.749075 50 307
9.752196 50 309
9.755239 50 313
9.758559 50 310
9.761758 50 311
9.765106 50 308
9.768064 50 314
9.770934 50 320
9.773859 50 324
9.776863 50 326
9.779817 50 328
9.782565 50 335
9.786641 50 312
9.789604 50 316
9.792506 50 322
9.795336 50 327
9.798478 50 325
9.801539 50 326
9.804925 50 319
9.807752 50 325
9.810791 50 326
9.813713 50 329
9.816928 50 325
9.819755 50 330
9.822565 50 335
9.825652 50 333
9.828487 50 336
9.831338 50 339
9.834212 50 341
9.836976 50 345
9.840099 50 339
9.843595 50 327
9.846636 50 327
9.84945 50 332
9.852618 50 329
9.855534 50 331
9.858466 50 333
9.861587 50 331
9.865078 50 321
9.868097 50 322
9.870952 50 328
9.87396 50 328
9.876783 50 333
9.880078 50 327
9.883552 50 318
9.886555 50 321
9.89218 50 276
9.894955 50 290
9.897815 50 300
9.901012 50 302
9.904738 50 295
9.907889 50 299
9.910951 50 304
9.91399 50 309
9.916736 50 318
9.919548 50 325
9.922412 50 329
9.925521 50 328
9.928405 50 331
9.931849 50 322
9.935603 50 309
9.938756 50 311
9.941895 50 312
9.945335 50 307
9.948253 50 314
9.951269 50 317
9.954149 50 323
9.956934 50 329
9.960066 50 327
9.963305 50 323
9.966143 50 328
9.969058 50 331
9.971952 50 334
9.974895 50 335
9.977677 50 339
9.980511 50 342
9.983729 50 335
9.986513 50 340
9.989331 50 342
9.992246 50 342
9.99503 50 346
9.997915 50 346
10.00068 50 349
