t com min rx ry rz
0 4.76 3.227618 27.57612 350.8468 347.8777
0.02 4.756076 3.223694 27.57612 350.8468 347.8777
0.04 4.748229 3.215846 27.57612 350.8468 347.8777
0.06 4.736456 3.204074 27.57612 350.8468 347.8777
0.08 4.72076 3.188378 27.57612 350.8468 347.8777
0.09999999 4.70114 3.168758 27.57612 350.8468 347.8777
0.12 4.677597 3.145214 27.57612 350.8468 347.8777
0.14 4.650128 3.117746 27.57612 350.8468 347.8777
0.16 4.618736 3.086354 27.57612 350.8468 347.8777
0.18 4.58342 3.051038 27.57612 350.8468 347.8777
0.2 4.54418 3.011798 27.57612 350.8468 347.8777
0.22 4.501017 2.968635 27.57612 350.8468 347.8777
0.24 4.453928 2.921546 27.57612 350.8468 347.8777
0.26 4.402916 2.870534 27.57612 350.8468 347.8777
0.28 4.34798 2.815598 27.57612 350.8468 347.8777
0.3 4.289121 2.756739 27.57612 350.8468 347.8777
0.32 4.226336 2.693954 27.57612 350.8468 347.8777
0.34 4.159628 2.627246 27.57612 350.8468 347.8777
0.36 4.088996 2.556614 27.57612 350.8468 347.8777
0.38 4.014441 2.482059 27.57612 350.8468 347.8777
0.4 3.935961 2.403578 27.57612 350.8468 347.8777
0.42 3.853557 2.321175 27.57612 350.8468 347.8777
0.44 3.767229 2.234846 27.57612 350.8468 347.8777
0.46 3.676977 2.144594 27.57612 350.8468 347.8777
0.48 3.582801 2.050418 27.57612 350.8468 347.8777
0.5 3.484701 1.952318 27.57612 350.8468 347.8777
0.52 3.382677 1.850294 27.57612 350.8468 347.8777
0.54 3.276729 1.744346 27.57612 350.8468 347.8777
0.56 3.166857 1.634475 27.57612 350.8468 347.8777
0.58 3.053061 1.520679 27.57612 350.8468 347.8777
0.6 2.935341 1.402959 27.57612 350.8468 347.8777
0.62 2.813697 1.281315 27.57612 350.8468 347.8777
0.64 2.688129 1.155747 27.57612 350.8468 347.8777
0.66 2.558637 1.026255 27.57612 350.8468 347.8777
0.68 2.425221 0.8928387 27.57612 350.8468 347.8777
0.7 2.287881 0.7554986 27.57612 350.8468 347.8777
0.72 2.146617 0.6142347 27.57612 350.8468 347.8777
0.74 2.001429 0.4690468 27.57612 350.8468 347.8777
0.76 1.852317 0.3199348 27.57612 350.8468 347.8777
0.78 1.699281 0.166899 27.57612 350.8468 347.8777
0.8 1.542321 0.009939194 27.57612 350.8468 347.8777
0.82 1.381437 -0.1509447 27.57612 350.8468 347.8777
0.84 1.21663 -0.3157527 27.57612 350.8468 347.8777
0.86 1.050722 -0.4805381 27.64716 350.8801 347.9039
0.88 0.8856381 -0.6428492 27.85015 350.9421 347.9353
0.9 0.7233131 -0.7995074 28.28087 351.0489 347.9747
0.92 0.5650576 -0.950151 28.90611 351.0891 347.957
0.94 0.4125152 -1.090969 29.87173 351.1207 347.8908
0.96 0.2669874 -1.221102 31.15054 351.0319 347.7206
0.98 0.1283266 -1.337978 32.61966 351.5687 347.8475
1 -0.003441483 -1.446041 34.16555 352.0541 347.9578
1.02 -0.1271495 -1.541356 35.9599 352.502 348.0441
1.04 -0.2440681 -1.63126 37.63734 352.8312 348.0432
1.06 -0.3544233 -1.718129 39.11748 352.9596 347.8938
1.08 -0.4572713 -1.798451 40.51744 353.0203 347.6854
1.1 -0.5490856 -1.86802 42.04525 352.4486 347.0562
1.12 -0.6295976 -1.915908 43.87567 352.5201 346.8385
1.14 -0.6975775 -1.943581 46.03962 352.5342 346.5661
1.16 -0.7535941 -1.947374 48.52575 353.1524 346.7392
1.18 -0.7952548 -1.926226 51.30339 354.108 347.2109
1.2 -0.8287932 -1.894143 54.02113 355.3583 347.955
1.22 -0.8570285 -1.869252 56.15157 356.4566 348.5905
1.24 -0.8767214 -1.845077 57.80072 357.7062 349.3915
1.26 -0.8931599 -1.835696 58.91244 357.873 349.3039
1.28 -0.8962811 -1.81918 59.88333 357.4157 348.6955
1.3 -0.8933871 -1.797579 60.75431 357.1216 348.2551
1.32 -0.886903 -1.778124 61.37553 356.8127 347.8302
1.34 -0.8750489 -1.764563 61.66434 355.8028 346.8061
1.36 -0.8590673 -1.741383 61.90119 356.2499 347.0443
1.38 -0.8371115 -1.714198 62.07576 356.5915 347.2041
1.4 -0.8110355 -1.683666 62.17848 357.1514 347.5586
1.42 -0.7857059 -1.658757 62.10386 357.5938 347.8291
1.44 -0.7568023 -1.635311 61.83355 357.9434 348.0672
1.46 -0.7279023 -1.613317 61.51945 358.2107 348.2311
1.48 -0.6944339 -1.5913 61.09687 358.0981 348.0569
1.5 -0.6615567 -1.572493 60.48371 358.3533 348.2389
1.52 -0.6209485 -1.535014 60.2142 359.0685 348.8264
1.54 -0.5774385 -1.492844 60.02 359.7645 349.3824
1.56 -0.5292407 -1.441124 60.06227 0.2810059 349.7849
1.58 -0.4785051 -1.380818 60.24732 1.304319 350.5917
1.6 -0.4245319 -1.310972 60.67067 2.429489 351.4719
1.62 -0.3683605 -1.230201 61.32037 4.087219 352.8343
1.64 -0.3093272 -1.136873 62.31164 5.976633 354.4019
1.66 -0.2516451 -1.053108 63.13878 7.159592 355.3346
1.68 -0.1936726 -0.9665928 64.09203 8.249518 356.1907
1.7 -0.1352815 -0.8774616 65.13208 9.33869 357.0717
1.72 -0.07676022 -0.7903637 66.35794 9.313589 356.9534
1.74 -0.01869247 -0.7029412 67.66681 8.97818 356.5621
1.76 0.0401336 -0.6049869 69.23215 9.177889 356.6619
1.78 0.09872869 -0.4998465 71.02961 9.615777 356.9919
1.8 0.1569577 -0.3890256 73.0612 10.01777 357.2881
1.82 0.2138309 -0.2751392 75.29357 10.14312 357.322
1.84 0.2690326 -0.1572012 77.73802 10.1191 357.2153
1.86 0.32115 -0.03905886 80.27902 10.0301 357.045
1.88 0.3693096 0.07588768 82.81805 9.871175 356.8052
1.9 0.4135452 0.187475 85.35447 9.49508 356.3486
1.92 0.4538568 0.29557 87.88752 8.121819 354.8949
1.94 0.4902444 0.3777809 89.5684 203.5259 190.2188
1.96 0.5227079 0.3449341 87.04819 192.6463 179.259
1.98 0.5512475 0.3058463 84.52224 191.831 178.3636
2 0.5758631 0.2633229 81.99841 191.5557 178.008
2.02 0.5965547 0.217493 79.47703 191.4317 177.8036
2.04 0.6133223 0.1684832 76.95808 191.3712 177.6625
2.06 0.6261659 0.1164188 74.44165 191.3435 177.5538
2.08 0.6350855 0.06142259 71.92771 191.3349 177.4638
2.1 0.6400811 0.003614545 69.41632 191.3385 177.3856
2.12 0.6411527 -0.05688834 66.90742 191.3505 177.3151
2.14 0.6383003 -0.119971 64.40103 191.3685 177.25
2.16 0.6322003 -0.1823483 61.99108 191.4384 177.2332
2.18 0.6233974 -0.2422113 59.73032 191.5684 177.2717
2.2 0.6126145 -0.2981097 57.68051 191.6904 177.3044
2.22 0.6003839 -0.3485514 55.87285 191.8788 177.3972
2.24 0.5874211 -0.392801 54.35484 192.0549 177.4763
2.26 0.5742051 -0.4294481 53.16834 192.2812 177.5898
2.28 0.5602739 -0.4607885 52.23775 192.554 177.7407
2.3 0.5463187 -0.4852388 51.60076 192.9128 177.9638
2.32 0.5319652 -0.5058041 51.18154 193.2558 178.1667
2.34 0.517519 -0.5215067 51.00055 193.6205 178.3869
2.36 0.5031872 -0.5351996 51.06896 193.6182 178.3198
2.38 0.4906554 -0.5364046 51.61723 193.7587 178.3682
2.4 0.4776813 -0.5334715 52.32924 194.0476 178.536
2.42 0.4654306 -0.5231721 53.36261 194.3457 178.7071
2.44 0.453361 -0.5065663 54.61014 194.8309 179.0281
2.46 0.4422507 -0.4825172 56.14592 195.332 179.3671
2.48 0.4309151 -0.4558088 57.84131 195.6894 179.6032
2.5 0.4205275 -0.4201669 59.86056 196.0743 179.8795
2.52 0.4100167 -0.3808749 62.09089 196.2198 179.9489
2.54 0.3985577 -0.3386691 64.46187 196.3832 180.0438
2.56 0.3860546 -0.2935051 66.96751 196.5 180.0956
2.58 0.372642 -0.2443293 69.62995 196.6536 180.1817
2.6 0.3578753 -0.1918945 72.43039 196.8522 180.3121
2.62 0.3413671 -0.1371452 75.35062 197.1579 180.5495
2.64 0.3222774 -0.08197975 78.33823 197.5709 180.8949
2.66 0.2999086 -0.0286411 81.34776 198.3126 181.5679
2.68 0.2737388 0.02165371 84.35014 199.7786 182.9659
2.7 0.243645 0.06856787 87.33817 204.4629 187.5823
2.72 0.2096272 0.09294283 89.45142 328.1365 311.1882
2.74 0.1716854 -0.0243893 86.60673 8.90094 351.8851
2.76 0.1298196 -0.1450993 83.62277 12.15584 355.0723
2.78 0.08876936 -0.2533432 81.02454 13.55701 356.4061
2.8 0.05145683 -0.3400301 79.01077 14.93698 357.7119
2.82 0.01800942 -0.4113532 77.47968 15.517 358.2241
2.84 -0.01092781 -0.4644745 76.43453 16.25377 358.8842
2.86 -0.03447708 -0.4996581 75.89111 16.8423 359.3962
2.88 -0.05367835 -0.5239704 75.67791 16.95681 359.454
2.9 -0.06874241 -0.5366706 75.74393 17.18997 359.6204
2.92 -0.07799874 -0.5342504 76.19028 17.37514 359.7361
2.94 -0.08201254 -0.5198803 76.9944 16.95492 359.2642
2.96 -0.08263677 -0.493468 78.01736 17.32375 359.5594
2.98 -0.07912655 -0.4563365 79.30016 17.97234 0.1397067
3 -0.07186218 -0.41155 80.77899 18.11705 0.2203761
3.02 -0.06117754 -0.3580472 82.44433 17.74132 359.7802
3.04 -0.04802062 -0.3008585 84.13366 18.00209 359.9723
3.06 -0.03092482 -0.2387012 85.93253 19.44022 1.340485
3.08 -0.00938686 -0.1665651 87.88243 21.09946 2.933078
3.1 0.01509547 -0.0905475 89.82087 59.13926 40.90893
3.12 0.04093933 -0.1062943 88.25616 195.087 176.7944
3.14 0.06634535 -0.1255754 86.55145 196.5243 178.1725
3.16 0.09102401 -0.1379453 85.1191 197.2445 178.8346
3.18 0.1144388 -0.1445731 83.94576 197.7202 179.2522
3.2 0.1365093 -0.145733 83.03655 197.9897 179.4648
3.22 0.1566426 -0.143629 82.34152 198.0332 179.454
3.24 0.174785 -0.1385099 81.84767 197.9828 179.349
3.26 0.1908202 -0.1308537 81.54825 197.7807 179.0945
3.28 0.2045555 -0.120846 81.41869 197.6867 178.9484
3.3 0.215868 -0.1092223 81.45026 197.5349 178.7464
3.32 0.2243986 -0.09678435 81.59969 197.5953 178.755
3.34 0.229848 -0.08503586 81.83437 197.727 178.8348
3.36 0.2321218 -0.0743255 82.14384 197.9435 178.9995
3.38 0.2310449 -0.06532061 82.50804 198.2693 179.2732
3.4 0.2265874 -0.05837464 82.92235 198.6264 179.5785
3.42 0.2186467 -0.05377358 83.37621 199.0687 179.9688
3.44 0.2072481 -0.05319601 83.86921 199.5929 180.441
3.46 0.1924601 -0.05502182 84.40585 200.2381 181.0342
3.48 0.1743774 -0.05899966 84.99145 201.1417 181.8855
3.5 0.1529955 -0.06507263 85.61935 202.2637 182.9557
3.52 0.1287297 -0.07204968 86.3181 203.7739 184.4145
3.54 0.1019146 -0.07902279 87.10159 205.8818 186.4718
3.56 0.0734672 -0.08414023 88.00542 209.9364 190.4765
3.58 0.04470311 -0.0855764 89.01265 220.3056 200.7977
3.6 0.01777536 -0.09083684 89.64227 305.5971 286.0422
3.62 -0.005473286 -0.1387224 88.88706 4.169203 344.5687
3.64 -0.02388453 -0.1775873 88.08062 13.05595 353.4111
3.66 -0.0358715 -0.2014255 87.49814 19.46895 359.7788
3.68 -0.04149355 -0.2199418 87.12302 23.69394 3.96069
3.7 -0.04116129 -0.2259521 86.95316 25.87383 6.102546
3.72 -0.0356456 -0.2198963 86.96668 25.69978 5.89402
3.74 -0.02545886 -0.2054549 87.14913 26.85283 7.010632
3.76 -0.01119255 -0.182483 87.49939 28.73648 8.85955
3.78 0.006427786 -0.1514779 88.0116 31.52427 11.61471
3.8 0.02625945 -0.1145889 88.62428 34.42136 14.48146
3.82 0.04657162 -0.07504077 89.29224 39.79366 19.82447
3.84 0.06621978 -0.0363466 89.85735 111.2809 91.2836
3.86 0.08398139 -0.0337224 89.34658 196.9117 176.8867
3.88 0.09877256 -0.03473148 88.75652 202.7114 182.6591
3.9 0.1101962 -0.03865361 88.21996 204.6011 184.522
3.92 0.1181787 -0.04436439 87.73575 205.3345 185.229
3.94 0.122808 -0.05165055 87.31132 205.6786 185.5469
3.96 0.1241579 -0.06020265 86.95168 205.6604 185.5031
3.98 0.1224271 -0.06939438 86.67004 205.3313 185.1492
4 0.1179168 -0.07872909 86.48982 205.2143 185.0081
4.02 0.1109053 -0.08734649 86.4262 205.0899 184.8599
4.04 0.1015884 -0.09522921 86.48492 205.3002 185.0461
4.06 0.09055846 -0.1004587 86.69909 205.4156 185.1387
4.08 0.07815773 -0.1027237 87.07887 205.8476 185.548
4.1 0.06496122 -0.1004408 87.63421 205.6541 185.3329
4.12 0.05142666 -0.09481189 88.33082 205.8275 185.4858
4.14 0.03813296 -0.08710665 89.10453 207.646 187.2847
4.16 0.02616507 -0.07726021 89.89532 20.32222 0
4.18 0.01623054 -0.1014429 89.32798 20.82842 0.4297172
4.2 0.00875821 -0.1274591 88.65754 23.21567 2.798294
4.22 0.004387625 -0.1469207 88.12341 24.58068 4.143668
4.24 0.003104497 -0.1583667 87.74841 24.48866 4.032204
4.26 0.004834454 -0.1615603 87.56361 24.33387 3.857645
4.28 0.009070253 -0.1575219 87.53701 23.5806 3.087395
4.3 0.01591082 -0.1451826 87.72479 22.92964 2.419437
4.32 0.02479535 -0.1255144 88.09649 21.46614 0.938444
4.34 0.03480536 -0.1033557 88.57413 18.51533 357.9705
4.36 0.04530621 -0.07836683 89.15028 14.56347 354.0029
4.38 0.05557323 -0.052588 89.74131 350.5523 329.9762
4.4 0.06497575 -0.04766977 89.58931 222.073 201.4822
4.42 0.07274979 -0.05505043 89.03957 211.2938 190.688
4.44 0.07853465 -0.062194 88.56483 208.8183 188.1979
4.46 0.08212768 -0.06839433 88.19746 207.4148 186.78
4.48 0.08352123 -0.07378823 87.94509 206.9001 186.2508
4.5 0.08295 -0.07758743 87.8258 206.7397 186.076
4.52 0.08046374 -0.07969169 87.83762 206.6539 185.9762
4.54 0.07625143 -0.08003473 87.98569 207.15 186.4591
4.56 0.07041632 -0.0787105 88.261 208.3824 187.6783
4.58 0.06322043 -0.07560195 88.64261 209.8556 189.1391
4.6 0.05523348 -0.0707759 89.10693 212.208 191.4794
4.62 0.04705029 -0.06447035 89.61742 217.4184 196.6782
4.64 0.03910935 -0.06515722 89.85463 8.280189 347.5291
4.66 0.03230577 -0.08420524 89.40095 25.60125 4.839655
4.68 0.02690713 -0.1002615 89.04202 28.8737 8.102007
4.7 0.02320314 -0.1123951 88.77013 31.4785 10.69551
4.72 0.02126313 -0.1196199 88.6052 33.28349 12.48898
4.74 0.0212085 -0.1214312 88.55369 34.16069 13.35505
4.76 0.02276772 -0.1185135 88.6152 35.94024 15.12407
4.78 0.02577998 -0.1116689 88.76031 38.35889 17.53302
4.8 0.02999339 -0.1009494 88.99206 41.92462 21.08931
4.82 0.03517938 -0.08817683 89.25454 49.28781 28.44385
4.84 0.04103006 -0.07319203 89.54201 63.85425 43.00178
4.86 0.04702571 -0.05721009 89.77101 108.9078 88.04762
4.88 0.05289296 -0.05795384 89.65226 176.5067 155.6382
4.9 0.05810471 -0.05925944 89.37162 195.7543 174.878
4.92 0.06224759 -0.06108067 89.11685 201.6667 180.783
4.94 0.06506807 -0.06426629 88.92062 204.3387 183.4482
4.96 0.06638794 -0.06676173 88.80189 206.2253 185.3285
4.98 0.06618534 -0.06804621 88.77779 207.5406 186.6374
5 0.06458738 -0.06755799 88.85945 208.244 187.3351